      100.00000     -1.1101000    0.084700000
      200.00000     -1.1528500     0.28867500
      300.00000     -1.2436000     0.50626667
      400.00000     -1.2201750     0.44003750
      500.00000     -1.3065000     0.60331000
      600.00000     -1.2865167     0.55930833
      700.00000     -1.2420143     0.43807143
      800.00000     -1.2852750     0.55103750
      900.00000     -1.2816333     0.51659444
      1000.0000     -1.2306200     0.40237000
      1100.0000     -1.2730727     0.51376364
      1200.0000     -1.2361417     0.46543750
      1300.0000     -1.2354000     0.44520385
      1400.0000     -1.2545357     0.49385000
      1500.0000     -1.2185400     0.40755000
      1600.0000     -1.2617000     0.51156875
      1700.0000     -1.2109294     0.40098824
      1800.0000     -1.2784444     0.52805556
      1900.0000     -1.2659947     0.52333684
      2000.0000     -1.2401450     0.47916000
      2100.0000     -1.2118333     0.38731905
      2200.0000     -1.1835955     0.34222273
      2300.0000     -1.2149130     0.41446957
      2400.0000     -1.2255167     0.42536667
      2500.0000     -1.2750600     0.52261800
      2600.0000     -1.2553346     0.48852115
      2700.0000     -1.2226370     0.44618889
      2800.0000     -1.2684750     0.53645893
      2900.0000     -1.2596690     0.50627414
      3000.0000     -1.2341567     0.43460833
      3100.0000     -1.2613548     0.52258065
      3200.0000     -1.2165313     0.40803438
      3300.0000     -1.2184152     0.42176818
      3400.0000     -1.2432529     0.49087206
      3500.0000     -1.2341857     0.45398143
      3600.0000     -1.2320000     0.44345833
      3700.0000     -1.2139081     0.38461892
      3800.0000     -1.2454763     0.47364868
      3900.0000     -1.2365333     0.45124103
      4000.0000     -1.2433375     0.47946375
      4100.0000     -1.2251805     0.42200610
      4200.0000     -1.2484595     0.47356667
      4300.0000     -1.2530140     0.50125116
      4400.0000     -1.2572364     0.49730682
      4500.0000     -1.2497533     0.48263333
      4600.0000     -1.2519500     0.48990435
      4700.0000     -1.2223766     0.44988404
      4800.0000     -1.2341104     0.43401354
      4900.0000     -1.2396490     0.46004286
      5000.0000     -1.2061580     0.38764200
      5100.0000     -1.2480412     0.48856961
      5200.0000     -1.2215346     0.41940769
      5300.0000     -1.2397755     0.45694057
      5400.0000     -1.2175852     0.39465185
      5500.0000     -1.2572782     0.50942091
      5600.0000     -1.2393250     0.44949643
      5700.0000     -1.2420421     0.47702632
      5800.0000     -1.2235155     0.41640259
      5900.0000     -1.2430203     0.49155847
      6000.0000     -1.2396733     0.45606833
      6100.0000     -1.2605148     0.51589098
      6200.0000     -1.2319726     0.45155161
      6300.0000     -1.2355381     0.46031270
      6400.0000     -1.2401594     0.45763750
      6500.0000     -1.2279754     0.43436538
      6600.0000     -1.2219227     0.41578030
      6700.0000     -1.2408672     0.46673134
      6800.0000     -1.2392574     0.46425147
      6900.0000     -1.2400696     0.46580217
      7000.0000     -1.2184200     0.41762143
      7100.0000     -1.2328437     0.44915282
      7200.0000     -1.2401181     0.45500972
      7300.0000     -1.2378000     0.45206370
      7400.0000     -1.2360649     0.46063649
      7500.0000     -1.2336267     0.42720533
      7600.0000     -1.2280513     0.40962368
      7700.0000     -1.2355468     0.45448701
      7800.0000     -1.2306038     0.42310385
      7900.0000     -1.2522570     0.48467468
      8000.0000     -1.2431663     0.45942312
      8100.0000     -1.2509086     0.48752160
      8200.0000     -1.2230085     0.42936220
      8300.0000     -1.2300313     0.43914699
      8400.0000     -1.2418179     0.47193393
      8500.0000     -1.2311976     0.43397235
      8600.0000     -1.2469395     0.47465872
      8700.0000     -1.2421080     0.46850172
      8800.0000     -1.2173864     0.40870909
      8900.0000     -1.2492202     0.47388090
      9000.0000     -1.2505333     0.48860278
      9100.0000     -1.2324692     0.43094451
      9200.0000     -1.2429054     0.46376685
      9300.0000     -1.2336742     0.44142581
      9400.0000     -1.2464713     0.46780266
      9500.0000     -1.2432158     0.47245632
      9600.0000     -1.2469552     0.46478229
      9700.0000     -1.2501103     0.49019691
      9800.0000     -1.2423908     0.46375765
      9900.0000     -1.2277596     0.42735606
      10000.000     -1.2258870     0.42281050
      10100.000     -1.2433545     0.48837030
      10200.000     -1.2484775     0.47813775
      10300.000     -1.2396777     0.45210728
      10400.000     -1.2337933     0.44651058
      10500.000     -1.2287829     0.43757619
      10600.000     -1.2337132     0.45528349
      10700.000     -1.2378981     0.45756869
      10800.000     -1.2497074     0.48187222
      10900.000     -1.2267128     0.43268670
      11000.000     -1.2352600     0.45688273
      11100.000     -1.2424459     0.46345045
      11200.000     -1.2403857     0.46649554
      11300.000     -1.2410611     0.47472699
      11400.000     -1.2364404     0.45529211
      11500.000     -1.2471426     0.48026391
      11600.000     -1.2234034     0.42933060
      11700.000     -1.2375162     0.45384188
      11800.000     -1.2292678     0.43940127
      11900.000     -1.2326924     0.44045378
      12000.000     -1.2525183     0.48152250
      12100.000     -1.2402471     0.45409256
      12200.000     -1.2447836     0.46383238
      12300.000     -1.2327683     0.44090935
      12400.000     -1.2501548     0.47434032
      12500.000     -1.2364280     0.44125240
      12600.000     -1.2354675     0.45427421
      12700.000     -1.2533866     0.49339724
      12800.000     -1.2418906     0.46695547
      12900.000     -1.2326698     0.44423915
      13000.000     -1.2138423     0.39825154
      13100.000     -1.2347962     0.44359695
      13200.000     -1.2418955     0.47211970
      13300.000     -1.2387609     0.45647556
      13400.000     -1.2147806     0.39980448
      13500.000     -1.2390889     0.46743630
      13600.000     -1.2199485     0.41293897
      13700.000     -1.2365219     0.45352409
      13800.000     -1.2146312     0.40922319
      13900.000     -1.2392892     0.46282914
      14000.000     -1.2340843     0.44865679
      14100.000     -1.2315560     0.45450319
      14200.000     -1.2243704     0.43136585
      14300.000     -1.2451825     0.47575629
      14400.000     -1.2364444     0.44297813
      14500.000     -1.2472345     0.48558552
      14600.000     -1.2418856     0.46666747
      14700.000     -1.2306211     0.44474490
      14800.000     -1.2379236     0.45888885
      14900.000     -1.2312329     0.43010134
      15000.000     -1.2342620     0.45112333
      15100.000     -1.2325026     0.44229106
      15200.000     -1.2394401     0.46050461
      15300.000     -1.2368523     0.45334477
      15400.000     -1.2256435     0.44235844
      15500.000     -1.2479555     0.47991355
      15600.000     -1.2517615     0.49468654
      15700.000     -1.2397599     0.45924777
      15800.000     -1.2450608     0.46796899
      15900.000     -1.2336541     0.44811447
      16000.000     -1.2360344     0.45529844
      16100.000     -1.2470087     0.47577578
      16200.000     -1.2474154     0.48532994
      16300.000     -1.2306816     0.43683252
      16400.000     -1.2517396     0.48549085
      16500.000     -1.2259715     0.42383909
      16600.000     -1.2393054     0.45855964
      16700.000     -1.2229281     0.43013263
      16800.000     -1.2434506     0.46755417
      16900.000     -1.2473444     0.47586716
      17000.000     -1.2355582     0.45137382
      17100.000     -1.2340327     0.45780322
      17200.000     -1.2336256     0.44953285
      17300.000     -1.2205549     0.41520318
      17400.000     -1.2335006     0.45545086
      17500.000     -1.2276634     0.43466000
      17600.000     -1.2271335     0.43068011
      17700.000     -1.2341469     0.45656610
      17800.000     -1.2446843     0.47024972
      17900.000     -1.2313598     0.44505726
      18000.000     -1.2358894     0.44959611
      18100.000     -1.2251950     0.42602790
      18200.000     -1.2397121     0.46418846
      18300.000     -1.2349388     0.44694563
      18400.000     -1.2311728     0.44234592
      18500.000     -1.2340714     0.44430027
      18600.000     -1.2389274     0.45877876
      18700.000     -1.2406043     0.45649759
      18800.000     -1.2249995     0.42057314
      18900.000     -1.2407460     0.45888624
      19000.000     -1.2473432     0.47404526
      19100.000     -1.2427545     0.45696963
      19200.000     -1.2414203     0.46118229
      19300.000     -1.2476855     0.47085389
      19400.000     -1.2354325     0.44926495
      19500.000     -1.2451477     0.47738974
      19600.000     -1.2330260     0.45254056
      19700.000     -1.2322284     0.44197690
      19800.000     -1.2477515     0.47940657
      19900.000     -1.2322950     0.45016633
      20000.000     -1.2312635     0.44992850
      20100.000     -1.2285905     0.44044080
      20200.000     -1.2456450     0.48142426
      20300.000     -1.2381966     0.45451355
      20400.000     -1.2520118     0.48823456
      20500.000     -1.2406156     0.46661756
      20600.000     -1.2496961     0.47849976
      20700.000     -1.2342696     0.44631498
      20800.000     -1.2403192     0.45606995
      20900.000     -1.2548388     0.49311794
      21000.000     -1.2368986     0.45206310
      21100.000     -1.2430237     0.46960545
      21200.000     -1.2322882     0.43859623
      21300.000     -1.2319897     0.43763333
      21400.000     -1.2413780     0.46634159
      21500.000     -1.2469851     0.47569837
      21600.000     -1.2380537     0.45378148
      21700.000     -1.2359198     0.44881083
      21800.000     -1.2391968     0.45626628
      21900.000     -1.2280831     0.43604292
      22000.000     -1.2439645     0.46298318
      22100.000     -1.2406606     0.46396312
      22200.000     -1.2408297     0.46328221
      22300.000     -1.2308480     0.44943991
      22400.000     -1.2397196     0.46196674
      22500.000     -1.2439791     0.46928644
      22600.000     -1.2294535     0.43858164
      22700.000     -1.2436260     0.46701322
      22800.000     -1.2490491     0.48580175
      22900.000     -1.2437520     0.47041725
      23000.000     -1.2330630     0.45039957
      23100.000     -1.2299203     0.42993247
      23200.000     -1.2386474     0.45990905
      23300.000     -1.2381258     0.45838755
      23400.000     -1.2437526     0.47538397
      23500.000     -1.2423809     0.46290362
      23600.000     -1.2384013     0.45881674
      23700.000     -1.2387046     0.46288819
      23800.000     -1.2374655     0.45590168
      23900.000     -1.2405423     0.46109519
      24000.000     -1.2410979     0.46189146
      24100.000     -1.2488734     0.47699710
      24200.000     -1.2527839     0.48515661
      24300.000     -1.2373082     0.46281276
      24400.000     -1.2310721     0.43714201
      24500.000     -1.2366682     0.45070551
      24600.000     -1.2261480     0.43944248
      24700.000     -1.2345304     0.45425709
      24800.000     -1.2415875     0.47072460
      24900.000     -1.2357020     0.45389317
      25000.000     -1.2474148     0.48006620
