      1000.0000     -1.2060600     0.39498500
      1010.0000     -1.2963663     0.58570297
      1020.0000     -1.2495000     0.46911765
      1030.0000     -1.3135728     0.57192233
      1040.0000     -1.2211154     0.40818269
      1050.0000     -1.2311333     0.41998571
      1060.0000     -1.2726509     0.48889623
      1070.0000     -1.2605234     0.53885514
      1080.0000     -1.2330741     0.44594907
      1090.0000     -1.2535872     0.48925688
      1100.0000     -1.2160545     0.40559545
      1110.0000     -1.2625045     0.49830631
      1120.0000     -1.2283125     0.43740179
      1130.0000     -1.2216460     0.42795133
      1140.0000     -1.2508860     0.49459649
      1150.0000     -1.2744174     0.50990000
      1160.0000     -1.2539569     0.49527155
      1170.0000     -1.2423333     0.47080769
      1180.0000     -1.2653814     0.52252542
      1190.0000     -1.2087815     0.40656303
      1200.0000     -1.2191500     0.40513750
      1210.0000     -1.1853471     0.36665702
      1220.0000     -1.1689918     0.29827869
      1230.0000     -1.2530244     0.47507317
      1240.0000     -1.2157258     0.43895968
      1250.0000     -1.2195520     0.39700800
      1260.0000     -1.2172063     0.42316270
      1270.0000     -1.2848976     0.54231102
      1280.0000     -1.2607578     0.50252734
      1290.0000     -1.2360620     0.44420543
      1300.0000     -1.2795462     0.53571923
      1310.0000     -1.2152672     0.42023664
      1320.0000     -1.2522197     0.52635227
      1330.0000     -1.2623759     0.51631955
      1340.0000     -1.2612836     0.53585448
      1350.0000     -1.2517185     0.49439259
      1360.0000     -1.2623529     0.49006985
      1370.0000     -1.2358394     0.40890146
      1380.0000     -1.2321522     0.46442754
      1390.0000     -1.2323381     0.45810791
      1400.0000     -1.2811429     0.56585714
      1410.0000     -1.2081418     0.41204965
      1420.0000     -1.2544507     0.46728169
      1430.0000     -1.2079021     0.42286713
      1440.0000     -1.2106319     0.40118403
      1450.0000     -1.2157241     0.41210000
      1460.0000     -1.2327329     0.47527055
      1470.0000     -1.2589728     0.51357483
      1480.0000     -1.2167095     0.45060811
      1490.0000     -1.2476779     0.47798322
      1500.0000     -1.2115200     0.37080667
      1510.0000     -1.2208609     0.42028808
      1520.0000     -1.2723882     0.54096053
      1530.0000     -1.2293333     0.43509804
      1540.0000     -1.2053896     0.34817532
      1550.0000     -1.1989484     0.37902581
      1560.0000     -1.2433526     0.49291987
      1570.0000     -1.2511465     0.44267516
      1580.0000     -1.2114051     0.41078797
      1590.0000     -1.2689308     0.52408805
      1600.0000     -1.2519125     0.47497813
      1610.0000     -1.2316522     0.47567391
      1620.0000     -1.2481358     0.49813272
      1630.0000     -1.1891779     0.32406748
      1640.0000     -1.2362561     0.45589939
      1650.0000     -1.2861394     0.54756061
      1660.0000     -1.2266867     0.45136145
      1670.0000     -1.2500898     0.46380539
      1680.0000     -1.2549524     0.51867560
      1690.0000     -1.2322485     0.44655030
      1700.0000     -1.2741471     0.54899118
      1710.0000     -1.2258421     0.41206725
      1720.0000     -1.2755465     0.54987209
      1730.0000     -1.2741734     0.53756069
      1740.0000     -1.2355690     0.41958333
      1750.0000     -1.2426857     0.47309143
      1760.0000     -1.2433466     0.46757102
      1770.0000     -1.2717966     0.55135028
      1780.0000     -1.2163820     0.43904775
      1790.0000     -1.2201788     0.44050559
      1800.0000     -1.2234167     0.44828056
      1810.0000     -1.2195746     0.38394199
      1820.0000     -1.2482198     0.47943681
      1830.0000     -1.2615683     0.49513934
      1840.0000     -1.2312826     0.45382609
      1850.0000     -1.2228432     0.42386216
      1860.0000     -1.2177151     0.40591935
      1870.0000     -1.1757005     0.33403743
      1880.0000     -1.2292394     0.44283245
      1890.0000     -1.2511587     0.49930952
      1900.0000     -1.2616789     0.52625263
      1910.0000     -1.2381990     0.46257068
      1920.0000     -1.1989167     0.36794531
      1930.0000     -1.2283938     0.41853368
      1940.0000     -1.2603711     0.50913918
      1950.0000     -1.2309897     0.43607436
      1960.0000     -1.2154796     0.40912500
      1970.0000     -1.2042081     0.37170558
      1980.0000     -1.2061263     0.35989394
      1990.0000     -1.2774824     0.52838191
      2000.0000     -1.2720600     0.54146500
      2010.0000     -1.2436716     0.49431592
      2020.0000     -1.2027228     0.35668069
      2030.0000     -1.2426995     0.44355419
      2040.0000     -1.2635343     0.53141176
      2050.0000     -1.2678829     0.53832927
      2060.0000     -1.2365777     0.45835922
      2070.0000     -1.2310773     0.46176812
      2080.0000     -1.2309087     0.43533413
      2090.0000     -1.1965789     0.35827990
      2100.0000     -1.2293619     0.43445714
      2110.0000     -1.2269147     0.46516825
      2120.0000     -1.2678019     0.55358726
      2130.0000     -1.2449390     0.44903521
      2140.0000     -1.2415935     0.46606308
      2150.0000     -1.2282326     0.43778605
      2160.0000     -1.2591574     0.50506481
      2170.0000     -1.2553088     0.50177650
      2180.0000     -1.2642110     0.53762156
      2190.0000     -1.2469863     0.47260502
      2200.0000     -1.2231409     0.44749318
      2210.0000     -1.2130588     0.39759955
      2220.0000     -1.2513423     0.49828604
      2230.0000     -1.2394126     0.49476906
      2240.0000     -1.2396696     0.42811830
      2250.0000     -1.2475867     0.48347778
      2260.0000     -1.2209558     0.42214381
      2270.0000     -1.1983656     0.37001762
      2280.0000     -1.2342105     0.46830921
      2290.0000     -1.2292096     0.41909170
      2300.0000     -1.2472826     0.48131304
      2310.0000     -1.2146190     0.37622078
      2320.0000     -1.2364483     0.46237716
      2330.0000     -1.2134979     0.41895494
      2340.0000     -1.2294444     0.42580983
      2350.0000     -1.2692596     0.53702979
      2360.0000     -1.2386229     0.46382415
      2370.0000     -1.2337722     0.46376160
      2380.0000     -1.2357101     0.45425000
      2390.0000     -1.2284226     0.43832845
      2400.0000     -1.2689167     0.52910625
      2410.0000     -1.2295104     0.42075311
      2420.0000     -1.2284959     0.43878926
      2430.0000     -1.2227407     0.44856379
      2440.0000     -1.1967664     0.36833402
      2450.0000     -1.2222939     0.43553061
      2460.0000     -1.2418415     0.47139431
      2470.0000     -1.2143401     0.40121660
      2480.0000     -1.2622298     0.49135484
      2490.0000     -1.2491566     0.47289759
      2500.0000     -1.2406280     0.47974000
      2510.0000     -1.2680916     0.49420717
      2520.0000     -1.2124444     0.39791865
      2530.0000     -1.2025138     0.40366996
      2540.0000     -1.2218543     0.42780512
      2550.0000     -1.2779098     0.53650784
      2560.0000     -1.2235078     0.41794727
      2570.0000     -1.2508755     0.45308755
      2580.0000     -1.2133178     0.39009109
      2590.0000     -1.2399112     0.45283977
      2600.0000     -1.2226346     0.41160769
      2610.0000     -1.2319693     0.39917816
      2620.0000     -1.2542901     0.49370611
      2630.0000     -1.2194525     0.42848479
      2640.0000     -1.2294280     0.43214773
      2650.0000     -1.2613019     0.48613396
      2660.0000     -1.2180827     0.38259023
      2670.0000     -1.2086255     0.39117603
      2680.0000     -1.2790410     0.55543470
      2690.0000     -1.2350855     0.45263755
      2700.0000     -1.2561222     0.47743704
      2710.0000     -1.2649077     0.51490775
      2720.0000     -1.2302243     0.43062132
      2730.0000     -1.2158571     0.39467216
      2740.0000     -1.2527701     0.49346350
      2750.0000     -1.2562145     0.49696000
      2760.0000     -1.2490399     0.49454167
      2770.0000     -1.2193032     0.43603971
      2780.0000     -1.2174065     0.40181475
      2790.0000     -1.2327491     0.45487276
      2800.0000     -1.2358714     0.44326964
      2810.0000     -1.2444448     0.47278470
      2820.0000     -1.2113688     0.40682092
      2830.0000     -1.2634629     0.51655124
      2840.0000     -1.2185317     0.41421479
      2850.0000     -1.2297088     0.46201754
      2860.0000     -1.2460839     0.47578846
      2870.0000     -1.2254390     0.41126481
      2880.0000     -1.2288542     0.42576389
      2890.0000     -1.2721073     0.53550519
      2900.0000     -1.2409414     0.44271552
      2910.0000     -1.2339828     0.46362027
      2920.0000     -1.2442705     0.47710103
      2930.0000     -1.2272765     0.43744027
      2940.0000     -1.2399082     0.45130272
      2950.0000     -1.2227322     0.42582034
      2960.0000     -1.2113142     0.39390541
      2970.0000     -1.2268788     0.42024242
      2980.0000     -1.2506611     0.47394799
      2990.0000     -1.2407993     0.44859866
      3000.0000     -1.2465300     0.48352167
      3010.0000     -1.2454153     0.48057475
      3020.0000     -1.2649437     0.52203311
      3030.0000     -1.2423729     0.47123267
      3040.0000     -1.2586546     0.48583059
      3050.0000     -1.2344393     0.44502131
      3060.0000     -1.2313791     0.41256699
      3070.0000     -1.2395212     0.46274104
      3080.0000     -1.2363831     0.44502110
      3090.0000     -1.2361942     0.46004693
      3100.0000     -1.2402677     0.46144355
      3110.0000     -1.2258328     0.40727170
      3120.0000     -1.2285128     0.43773237
      3130.0000     -1.2584185     0.51171885
      3140.0000     -1.2233025     0.40644108
      3150.0000     -1.2563397     0.47540159
      3160.0000     -1.2480095     0.49345253
      3170.0000     -1.2588423     0.50709464
      3180.0000     -1.2214465     0.40748113
      3190.0000     -1.2701285     0.51984483
      3200.0000     -1.2236656     0.40896250
      3210.0000     -1.2484704     0.48884891
      3220.0000     -1.2510311     0.49688199
      3230.0000     -1.2739969     0.53343808
      3240.0000     -1.2146358     0.41895833
      3250.0000     -1.2232492     0.43561385
      3260.0000     -1.2525706     0.48289877
      3270.0000     -1.2870489     0.54764526
      3280.0000     -1.2292165     0.42529268
      3290.0000     -1.2063252     0.38546657
      3300.0000     -1.1879788     0.34220758
      3310.0000     -1.2329124     0.42737160
      3320.0000     -1.2396596     0.45024849
      3330.0000     -1.2583243     0.50943694
      3340.0000     -1.2387844     0.46813323
      3350.0000     -1.2211075     0.45832687
      3360.0000     -1.2760476     0.55252083
      3370.0000     -1.2154748     0.41677893
      3380.0000     -1.2442308     0.46433432
      3390.0000     -1.2657847     0.50622566
      3400.0000     -1.2269176     0.42949118
      3410.0000     -1.2236100     0.41059238
      3420.0000     -1.2577953     0.51290643
      3430.0000     -1.2061429     0.38630466
      3440.0000     -1.2376395     0.45713953
      3450.0000     -1.2547072     0.48660870
      3460.0000     -1.2181127     0.40306647
      3470.0000     -1.2503804     0.47711960
      3480.0000     -1.2266322     0.44057184
      3490.0000     -1.2380143     0.47570630
      3500.0000     -1.2114971     0.39366857
      3510.0000     -1.2529658     0.50523077
      3520.0000     -1.2344062     0.45246449
      3530.0000     -1.2362776     0.44805099
      3540.0000     -1.2394548     0.46461864
      3550.0000     -1.2877324     0.55740141
      3560.0000     -1.2310983     0.44938062
      3570.0000     -1.2255742     0.42691877
      3580.0000     -1.2479637     0.48464525
      3590.0000     -1.1986184     0.37296936
      3600.0000     -1.2333694     0.44540417
      3610.0000     -1.2191634     0.43317175
      3620.0000     -1.2330884     0.43637017
      3630.0000     -1.2507769     0.50304132
      3640.0000     -1.2545604     0.48355220
      3650.0000     -1.2408356     0.45414110
      3660.0000     -1.2240492     0.42885246
      3670.0000     -1.2532180     0.49806267
      3680.0000     -1.2317663     0.44499592
      3690.0000     -1.2394553     0.46183469
      3700.0000     -1.2397108     0.48734054
      3710.0000     -1.2475013     0.48990836
      3720.0000     -1.2425188     0.46671640
      3730.0000     -1.2329920     0.45870241
      3740.0000     -1.2032647     0.37224064
      3750.0000     -1.2680747     0.52496800
      3760.0000     -1.2300559     0.44737101
      3770.0000     -1.2518700     0.50055305
      3780.0000     -1.2583333     0.48828704
      3790.0000     -1.2509472     0.49171636
      3800.0000     -1.2146237     0.40776316
      3810.0000     -1.2140682     0.41821785
      3820.0000     -1.2094215     0.40125785
      3830.0000     -1.2720836     0.53054961
      3840.0000     -1.2200365     0.40796094
      3850.0000     -1.2374857     0.45220390
      3860.0000     -1.2175544     0.41213472
      3870.0000     -1.2466047     0.46653359
      3880.0000     -1.2153711     0.41473969
      3890.0000     -1.2503650     0.46712211
      3900.0000     -1.2326949     0.46226410
      3910.0000     -1.2411125     0.45349872
      3920.0000     -1.2500765     0.47450765
      3930.0000     -1.2479389     0.47073155
      3940.0000     -1.2460736     0.47678426
      3950.0000     -1.2220684     0.41427595
      3960.0000     -1.2484419     0.46161869
      3970.0000     -1.2584282     0.48282368
      3980.0000     -1.2526533     0.50193970
      3990.0000     -1.2130226     0.37795990
      4000.0000     -1.2617075     0.51081500
      4010.0000     -1.2145661     0.39593516
      4020.0000     -1.2290323     0.43435075
      4030.0000     -1.2537022     0.49368486
      4040.0000     -1.2407772     0.45523391
      4050.0000     -1.2496642     0.47670741
      4060.0000     -1.2376330     0.44752217
      4070.0000     -1.2190344     0.41832801
      4080.0000     -1.2363995     0.42751593
      4090.0000     -1.2722127     0.51258802
      4100.0000     -1.2393951     0.45660976
      4110.0000     -1.2458613     0.49143674
      4120.0000     -1.2084369     0.39952549
      4130.0000     -1.2426949     0.46692857
      4140.0000     -1.2519493     0.48838285
      4150.0000     -1.2786892     0.54836506
      4160.0000     -1.2484087     0.46626803
      4170.0000     -1.2494796     0.49864149
      4180.0000     -1.2133182     0.40844498
      4190.0000     -1.2502554     0.46779475
      4200.0000     -1.2265690     0.42973095
      4210.0000     -1.2253183     0.44327791
      4220.0000     -1.2072062     0.37024052
      4230.0000     -1.2167281     0.41079669
      4240.0000     -1.2192830     0.41636321
      4250.0000     -1.2242800     0.43463529
      4260.0000     -1.2330188     0.44619249
      4270.0000     -1.2478173     0.45620609
      4280.0000     -1.2318645     0.44633294
      4290.0000     -1.2372797     0.45833800
      4300.0000     -1.2556279     0.50739419
      4310.0000     -1.2305499     0.43982367
      4320.0000     -1.2524815     0.48480787
      4330.0000     -1.2286259     0.43943303
      4340.0000     -1.2284562     0.44153456
      4350.0000     -1.2146184     0.38554023
      4360.0000     -1.2142775     0.40722362
      4370.0000     -1.2198764     0.41114188
      4380.0000     -1.2398676     0.47221461
      4390.0000     -1.2519977     0.49432574
      4400.0000     -1.2144682     0.42370227
      4410.0000     -1.2104785     0.39083900
      4420.0000     -1.2290090     0.42159955
      4430.0000     -1.2317585     0.43418849
      4440.0000     -1.2597140     0.50155856
      4450.0000     -1.2164629     0.41730674
      4460.0000     -1.2235202     0.42208520
      4470.0000     -1.2192886     0.42018792
      4480.0000     -1.2002835     0.36806920
      4490.0000     -1.2267327     0.44256793
      4500.0000     -1.2209778     0.41886778
      4510.0000     -1.2647206     0.51601109
      4520.0000     -1.2441460     0.48003872
      4530.0000     -1.2466291     0.49097682
      4540.0000     -1.2156476     0.40451652
      4550.0000     -1.2192088     0.42632198
      4560.0000     -1.2538202     0.50020504
      4570.0000     -1.2268621     0.43486214
      4580.0000     -1.2309127     0.45408624
      4590.0000     -1.2179477     0.42043137
      4600.0000     -1.2180022     0.41102935
      4610.0000     -1.2301345     0.45219414
      4620.0000     -1.2478355     0.48151840
      4630.0000     -1.2451620     0.46977430
      4640.0000     -1.2413685     0.47023599
      4650.0000     -1.2204667     0.40150538
      4660.0000     -1.2293133     0.44307940
      4670.0000     -1.2629957     0.49796146
      4680.0000     -1.2400726     0.47276709
      4690.0000     -1.2490085     0.50172708
      4700.0000     -1.2485128     0.47312979
      4710.0000     -1.2433928     0.48248726
      4720.0000     -1.2333750     0.42838771
      4730.0000     -1.2365729     0.45751057
      4740.0000     -1.2374093     0.45814873
      4750.0000     -1.2434653     0.47024947
      4760.0000     -1.2145441     0.41284979
      4770.0000     -1.2452872     0.47266247
      4780.0000     -1.2443326     0.47287866
      4790.0000     -1.2308831     0.44912839
      4800.0000     -1.2411104     0.45970104
      4810.0000     -1.2194407     0.40788877
      4820.0000     -1.2520602     0.47273340
      4830.0000     -1.2196708     0.41085197
      4840.0000     -1.2273244     0.44196798
      4850.0000     -1.2601093     0.50985258
      4860.0000     -1.2270350     0.42808230
      4870.0000     -1.2299014     0.43404825
      4880.0000     -1.2453463     0.47014139
      4890.0000     -1.2165521     0.40693967
      4900.0000     -1.2146102     0.40955918
      4910.0000     -1.2562953     0.49193890
      4920.0000     -1.2433902     0.47665346
      4930.0000     -1.2263245     0.42508316
      4940.0000     -1.2425243     0.47126923
      4950.0000     -1.2379960     0.45696364
      4960.0000     -1.2072177     0.40591129
      4970.0000     -1.2385573     0.48717203
      4980.0000     -1.2264056     0.42373494
      4990.0000     -1.2591483     0.50347395
      5000.0000     -1.2466920     0.47402300
      5010.0000     -1.2408882     0.47081836
      5020.0000     -1.2398924     0.47117430
      5030.0000     -1.2751809     0.54345924
      5040.0000     -1.2445774     0.48196032
      5050.0000     -1.2284594     0.43041980
      5060.0000     -1.2315435     0.43789723
      5070.0000     -1.2582110     0.50622682
      5080.0000     -1.2426594     0.46009547
      5090.0000     -1.2643929     0.50427210
      5100.0000     -1.2381980     0.45050784
      5110.0000     -1.2307241     0.45118004
      5120.0000     -1.2481328     0.48715430
      5130.0000     -1.2283275     0.42668519
      5140.0000     -1.2025292     0.38144066
      5150.0000     -1.2430913     0.46586019
      5160.0000     -1.2468818     0.46988857
      5170.0000     -1.2367331     0.48682592
      5180.0000     -1.2385425     0.45391313
      5190.0000     -1.2601021     0.50265800
      5200.0000     -1.2487962     0.47328750
      5210.0000     -1.2388695     0.47125240
      5220.0000     -1.2490172     0.49356418
      5230.0000     -1.2422275     0.46949426
      5240.0000     -1.2465267     0.45590363
      5250.0000     -1.2203371     0.40917810
      5260.0000     -1.2266236     0.44744867
      5270.0000     -1.2597875     0.51187097
      5280.0000     -1.2523598     0.47838352
      5290.0000     -1.2468998     0.47418336
      5300.0000     -1.2274038     0.43097170
      5310.0000     -1.2338418     0.44947363
      5320.0000     -1.2229718     0.40500094
      5330.0000     -1.2328537     0.45742683
      5340.0000     -1.2322921     0.42864794
      5350.0000     -1.2380991     0.45982243
      5360.0000     -1.2360243     0.45384422
      5370.0000     -1.2449758     0.48414618
      5380.0000     -1.2010446     0.38322305
      5390.0000     -1.2275918     0.43489703
      5400.0000     -1.2555907     0.49515093
      5410.0000     -1.2397671     0.45468392
      5420.0000     -1.2386033     0.46350738
      5430.0000     -1.2263591     0.43146409
      5440.0000     -1.2500312     0.47839798
      5450.0000     -1.2602917     0.50463945
      5460.0000     -1.2142234     0.40042949
      5470.0000     -1.2530914     0.50208592
      5480.0000     -1.2485967     0.47484672
      5490.0000     -1.2298251     0.45447541
      5500.0000     -1.2526291     0.49673909
      5510.0000     -1.2175844     0.41454083
      5520.0000     -1.2439583     0.47597101
      5530.0000     -1.2110542     0.40412929
      5540.0000     -1.2389585     0.45616245
      5550.0000     -1.2466486     0.47436036
      5560.0000     -1.2184622     0.41901439
      5570.0000     -1.1959982     0.35786535
      5580.0000     -1.2421201     0.46534319
      5590.0000     -1.2308086     0.45589624
      5600.0000     -1.2213321     0.42152589
      5610.0000     -1.2116738     0.40517825
      5620.0000     -1.2401192     0.46099822
      5630.0000     -1.2419147     0.47339254
      5640.0000     -1.2098511     0.38777748
      5650.0000     -1.2359434     0.44682478
      5660.0000     -1.2302597     0.43721201
      5670.0000     -1.2397196     0.46417019
      5680.0000     -1.2258292     0.44413116
      5690.0000     -1.2196520     0.40881634
      5700.0000     -1.2398947     0.47676930
      5710.0000     -1.2529299     0.49180210
      5720.0000     -1.2443951     0.46640297
      5730.0000     -1.2412792     0.46806021
      5740.0000     -1.2315470     0.43976829
      5750.0000     -1.2362313     0.46735217
      5760.0000     -1.2258906     0.41874826
      5770.0000     -1.2419064     0.46309445
      5780.0000     -1.2295952     0.44057007
      5790.0000     -1.2361779     0.45590328
      5800.0000     -1.2387103     0.46239483
      5810.0000     -1.2092719     0.39218675
      5820.0000     -1.2293471     0.42705842
      5830.0000     -1.2356672     0.45926244
      5840.0000     -1.2440993     0.47132620
      5850.0000     -1.2413744     0.46582051
      5860.0000     -1.2218345     0.41086433
      5870.0000     -1.2374310     0.44517973
      5880.0000     -1.2444320     0.47981973
      5890.0000     -1.2225025     0.42821477
      5900.0000     -1.2386356     0.45608644
      5910.0000     -1.2291100     0.44608122
      5920.0000     -1.2360236     0.44762500
      5930.0000     -1.2365194     0.45375970
      5940.0000     -1.2329377     0.44487374
      5950.0000     -1.2293294     0.42646723
      5960.0000     -1.2259916     0.43834396
      5970.0000     -1.2517772     0.48119430
      5980.0000     -1.2496906     0.47569064
      5990.0000     -1.2389416     0.45749833
      6000.0000     -1.2314750     0.43975167
      6010.0000     -1.2568686     0.49109734
      6020.0000     -1.2240914     0.42218771
      6030.0000     -1.2195290     0.39562935
      6040.0000     -1.2162964     0.41136507
      6050.0000     -1.2436579     0.44986281
      6060.0000     -1.2434010     0.48621947
      6070.0000     -1.2314053     0.42859308
      6080.0000     -1.2460280     0.47525576
      6090.0000     -1.2334926     0.43842282
      6100.0000     -1.2664607     0.52091230
      6110.0000     -1.2512291     0.47661784
      6120.0000     -1.2369020     0.44212337
      6130.0000     -1.2341811     0.44144290
      6140.0000     -1.2580277     0.49648371
      6150.0000     -1.2277528     0.42577805
      6160.0000     -1.2375438     0.45938393
      6170.0000     -1.2613793     0.50460940
      6180.0000     -1.2472654     0.44500890
      6190.0000     -1.2402698     0.46548061
      6200.0000     -1.2552774     0.49577984
      6210.0000     -1.2403494     0.45678100
      6220.0000     -1.2213907     0.42232878
      6230.0000     -1.2424109     0.46609310
      6240.0000     -1.2437147     0.48846314
      6250.0000     -1.2404448     0.46276400
      6260.0000     -1.2272668     0.44208866
      6270.0000     -1.2248166     0.44995694
      6280.0000     -1.2531131     0.48071258
      6290.0000     -1.2439555     0.47002226
      6300.0000     -1.2249333     0.41947619
      6310.0000     -1.2255166     0.43549049
      6320.0000     -1.2311218     0.44025237
      6330.0000     -1.2438073     0.47098973
      6340.0000     -1.2556830     0.50020426
      6350.0000     -1.2448425     0.46613622
      6360.0000     -1.2356258     0.45815802
      6370.0000     -1.2367739     0.46032653
      6380.0000     -1.2273370     0.43714969
      6390.0000     -1.2434977     0.48240610
      6400.0000     -1.2363094     0.45543984
      6410.0000     -1.2062574     0.40037129
      6420.0000     -1.2314361     0.45096184
      6430.0000     -1.2287994     0.44404432
      6440.0000     -1.2430792     0.46152873
      6450.0000     -1.2159147     0.42677209
      6460.0000     -1.2483328     0.47708824
      6470.0000     -1.2476631     0.48979366
      6480.0000     -1.2589028     0.50418981
      6490.0000     -1.2326009     0.44886518
      6500.0000     -1.2380400     0.45116923
      6510.0000     -1.2466575     0.47266743
      6520.0000     -1.2623758     0.50371012
      6530.0000     -1.2470153     0.49201455
      6540.0000     -1.2341529     0.43961391
      6550.0000     -1.2398321     0.46918855
      6560.0000     -1.2500183     0.48018826
      6570.0000     -1.2405495     0.47060807
      6580.0000     -1.2450851     0.47184119
      6590.0000     -1.2509135     0.48220030
      6600.0000     -1.2418318     0.45800379
      6610.0000     -1.2506808     0.49237897
      6620.0000     -1.2122946     0.38876511
      6630.0000     -1.2425158     0.46311991
      6640.0000     -1.2402861     0.47422590
      6650.0000     -1.2341759     0.44731053
      6660.0000     -1.2317162     0.42403529
      6670.0000     -1.2600825     0.48927661
      6680.0000     -1.2649865     0.51842740
      6690.0000     -1.2536039     0.49948356
      6700.0000     -1.2521746     0.48281343
      6710.0000     -1.2297213     0.43592548
      6720.0000     -1.2259479     0.42840030
      6730.0000     -1.2408291     0.45554755
      6740.0000     -1.2459377     0.47950519
      6750.0000     -1.2323185     0.44093111
      6760.0000     -1.2538595     0.50423595
      6770.0000     -1.2467962     0.47914254
      6780.0000     -1.2288555     0.41652950
      6790.0000     -1.2177423     0.41350957
      6800.0000     -1.2174103     0.41868162
      6810.0000     -1.2504038     0.48259692
      6820.0000     -1.2287141     0.41029619
      6830.0000     -1.2338141     0.45123646
      6840.0000     -1.2389708     0.46345468
      6850.0000     -1.2553883     0.49678686
      6860.0000     -1.2436793     0.46018732
      6870.0000     -1.2328705     0.44203130
      6880.0000     -1.2592660     0.50590770
      6890.0000     -1.2295907     0.43939840
      6900.0000     -1.2437710     0.47228116
      6910.0000     -1.2350174     0.44396165
      6920.0000     -1.2514306     0.47602312
      6930.0000     -1.2330361     0.43935570
      6940.0000     -1.2430360     0.47267867
      6950.0000     -1.2270230     0.42892590
      6960.0000     -1.2421422     0.45321121
      6970.0000     -1.2440832     0.47247991
      6980.0000     -1.2185258     0.41537751
      6990.0000     -1.2475064     0.49251359
      7000.0000     -1.2164600     0.40114429
      7010.0000     -1.2163409     0.41331241
      7020.0000     -1.2460256     0.46236610
      7030.0000     -1.2554239     0.48087269
      7040.0000     -1.2446520     0.47481605
      7050.0000     -1.2361376     0.45983333
      7060.0000     -1.2542861     0.49166926
      7070.0000     -1.2303579     0.43873550
      7080.0000     -1.2339223     0.43274153
      7090.0000     -1.2474485     0.48194711
      7100.0000     -1.2451831     0.48303239
      7110.0000     -1.2494754     0.47717932
      7120.0000     -1.2372935     0.46475983
      7130.0000     -1.2051964     0.40428962
      7140.0000     -1.2308641     0.45740126
      7150.0000     -1.2466350     0.46625315
      7160.0000     -1.2298659     0.44460615
      7170.0000     -1.2304421     0.43809066
      7180.0000     -1.2422813     0.44686281
      7190.0000     -1.2531516     0.49593741
      7200.0000     -1.2504417     0.50067014
      7210.0000     -1.2285160     0.42564147
      7220.0000     -1.2243657     0.43464681
      7230.0000     -1.2280885     0.41678216
      7240.0000     -1.2459061     0.48354282
      7250.0000     -1.2398179     0.46824621
      7260.0000     -1.2503182     0.47722934
      7270.0000     -1.2508638     0.48940371
      7280.0000     -1.2481662     0.48272527
      7290.0000     -1.2513690     0.49319890
      7300.0000     -1.2524822     0.47998356
      7310.0000     -1.2462435     0.47645144
      7320.0000     -1.2342049     0.45999863
      7330.0000     -1.2330805     0.45540450
      7340.0000     -1.2270736     0.42512534
      7350.0000     -1.2404190     0.47315510
      7360.0000     -1.2237269     0.40109579
      7370.0000     -1.2272198     0.43883175
      7380.0000     -1.2277209     0.42620528
      7390.0000     -1.2270853     0.45161164
      7400.0000     -1.2396716     0.44924257
      7410.0000     -1.2494534     0.47804723
      7420.0000     -1.2446105     0.47724057
      7430.0000     -1.2384105     0.45880283
      7440.0000     -1.2449435     0.46370632
      7450.0000     -1.2269758     0.44502617
      7460.0000     -1.2478579     0.48843968
      7470.0000     -1.2280576     0.44682664
      7480.0000     -1.2493623     0.48159291
      7490.0000     -1.2431015     0.46840053
      7500.0000     -1.2386427     0.43849667
      7510.0000     -1.2534967     0.49677830
      7520.0000     -1.2348843     0.44196343
      7530.0000     -1.2507185     0.48677822
      7540.0000     -1.2267745     0.43907560
      7550.0000     -1.2475589     0.47379801
      7560.0000     -1.2397209     0.47260119
      7570.0000     -1.2284412     0.44435073
      7580.0000     -1.2403061     0.46541227
      7590.0000     -1.2422042     0.45675955
      7600.0000     -1.2408408     0.46655789
      7610.0000     -1.2354389     0.45441787
      7620.0000     -1.2337625     0.43595144
      7630.0000     -1.2284692     0.44619463
      7640.0000     -1.2651243     0.51613547
      7650.0000     -1.2478209     0.48333137
      7660.0000     -1.2348551     0.44322846
      7670.0000     -1.2471669     0.46213690
      7680.0000     -1.2548060     0.49347461
      7690.0000     -1.2394941     0.45608062
      7700.0000     -1.2408130     0.46539156
      7710.0000     -1.2591297     0.50563035
      7720.0000     -1.2463847     0.46323381
      7730.0000     -1.2441281     0.47512872
      7740.0000     -1.2372739     0.46255426
      7750.0000     -1.2376968     0.46358323
      7760.0000     -1.2429665     0.46873454
      7770.0000     -1.2269447     0.43116795
      7780.0000     -1.2392879     0.46441517
      7790.0000     -1.2252696     0.41374583
      7800.0000     -1.2323949     0.45844231
      7810.0000     -1.2316018     0.43660115
      7820.0000     -1.2415435     0.44959527
      7830.0000     -1.2361315     0.45601022
      7840.0000     -1.2230395     0.43576594
      7850.0000     -1.2181185     0.41425541
      7860.0000     -1.2337112     0.45236005
      7870.0000     -1.2420661     0.46797205
      7880.0000     -1.2249188     0.44197081
      7890.0000     -1.2504740     0.49630925
      7900.0000     -1.2216532     0.43133608
      7910.0000     -1.2503287     0.48962137
      7920.0000     -1.2376540     0.45413952
      7930.0000     -1.2399142     0.47431084
      7940.0000     -1.2319975     0.43115176
      7950.0000     -1.2490075     0.49188302
      7960.0000     -1.2443530     0.46795477
      7970.0000     -1.2569925     0.49980928
      7980.0000     -1.2310551     0.44737281
      7990.0000     -1.2631740     0.50705695
      8000.0000     -1.2285287     0.43639500
      8010.0000     -1.2327778     0.44642572
      8020.0000     -1.2177082     0.40469763
      8030.0000     -1.2314110     0.43820299
      8040.0000     -1.2534378     0.48478731
      8050.0000     -1.2227056     0.41287329
      8060.0000     -1.2484653     0.47737283
      8070.0000     -1.2228005     0.41930297
      8080.0000     -1.2227970     0.42563861
      8090.0000     -1.2329728     0.45657169
      8100.0000     -1.2272988     0.44321481
      8110.0000     -1.2417756     0.47234895
      8120.0000     -1.2386416     0.46694581
      8130.0000     -1.2373629     0.43028844
      8140.0000     -1.2252260     0.43001290
      8150.0000     -1.2251706     0.42007791
      8160.0000     -1.2041838     0.37455331
      8170.0000     -1.2496120     0.48469584
      8180.0000     -1.2388509     0.45420416
      8190.0000     -1.2367143     0.45383700
      8200.0000     -1.2295317     0.43820061
      8210.0000     -1.2505883     0.48770524
      8220.0000     -1.2547105     0.48946776
      8230.0000     -1.2218651     0.41811908
      8240.0000     -1.2504405     0.48276335
      8250.0000     -1.2124145     0.37930182
      8260.0000     -1.2499540     0.47632748
      8270.0000     -1.2321004     0.45758525
      8280.0000     -1.2370157     0.46487138
      8290.0000     -1.2254584     0.43550241
      8300.0000     -1.2200217     0.42035120
      8310.0000     -1.2460036     0.46960409
      8320.0000     -1.2274435     0.42302945
      8330.0000     -1.2471128     0.46807803
      8340.0000     -1.2504245     0.46551019
      8350.0000     -1.2481186     0.48563892
      8360.0000     -1.2279665     0.44675299
      8370.0000     -1.2283106     0.41867503
      8380.0000     -1.2405477     0.45396957
      8390.0000     -1.2338081     0.44687068
      8400.0000     -1.2325786     0.43514940
      8410.0000     -1.2599976     0.51114982
      8420.0000     -1.2507827     0.49777316
      8430.0000     -1.2391388     0.45534520
      8440.0000     -1.2310746     0.43851363
      8450.0000     -1.2492544     0.49483550
      8460.0000     -1.2295366     0.43575887
      8470.0000     -1.2442798     0.46188135
      8480.0000     -1.2460790     0.47508314
      8490.0000     -1.2300660     0.43364547
      8500.0000     -1.2472106     0.47771706
      8510.0000     -1.2251986     0.43251410
      8520.0000     -1.2267242     0.43416256
      8530.0000     -1.2359601     0.45493845
      8540.0000     -1.2500773     0.48579333
      8550.0000     -1.2428561     0.46827310
      8560.0000     -1.2455771     0.47088026
      8570.0000     -1.2342812     0.45664411
      8580.0000     -1.2327704     0.43704021
      8590.0000     -1.2447788     0.47202212
      8600.0000     -1.2272500     0.42464360
      8610.0000     -1.2600581     0.49838502
      8620.0000     -1.2245081     0.42497912
      8630.0000     -1.2202236     0.42862688
      8640.0000     -1.2587488     0.48873843
      8650.0000     -1.2385896     0.46282428
      8660.0000     -1.2275473     0.42311374
      8670.0000     -1.2201522     0.41314475
      8680.0000     -1.2436590     0.45334620
      8690.0000     -1.2556433     0.49167491
      8700.0000     -1.2233701     0.42480460
      8710.0000     -1.2315936     0.44533295
      8720.0000     -1.2308108     0.43827752
      8730.0000     -1.2283666     0.44151031
      8740.0000     -1.2482460     0.48149600
      8750.0000     -1.2513874     0.48642400
      8760.0000     -1.2363185     0.45844635
      8770.0000     -1.2440650     0.45987514
      8780.0000     -1.2354829     0.45526310
      8790.0000     -1.2459795     0.47060466
      8800.0000     -1.2476534     0.47517102
      8810.0000     -1.2365653     0.45843417
      8820.0000     -1.2219286     0.40774206
      8830.0000     -1.2540079     0.47298301
      8840.0000     -1.2464389     0.48232296
      8850.0000     -1.2379198     0.44347514
      8860.0000     -1.2369108     0.44789447
      8870.0000     -1.2488625     0.47890868
      8880.0000     -1.2415270     0.46096284
      8890.0000     -1.2225681     0.41616085
      8900.0000     -1.2593169     0.49773539
      8910.0000     -1.2495645     0.48506622
      8920.0000     -1.2372859     0.46645516
      8930.0000     -1.2350963     0.45284714
      8940.0000     -1.2456051     0.46717282
      8950.0000     -1.2528547     0.47999385
      8960.0000     -1.2257176     0.42579632
      8970.0000     -1.2396421     0.47056410
      8980.0000     -1.2289432     0.43077171
      8990.0000     -1.2433137     0.46929533
      9000.0000     -1.2181844     0.40199833
      9010.0000     -1.2499112     0.47658935
      9020.0000     -1.2278492     0.43704712
      9030.0000     -1.2442625     0.46018771
      9040.0000     -1.2221195     0.42370686
      9050.0000     -1.2385348     0.45689061
      9060.0000     -1.2177494     0.40425055
      9070.0000     -1.2502315     0.47514278
      9080.0000     -1.2227676     0.43191189
      9090.0000     -1.2427448     0.46434213
      9100.0000     -1.2438121     0.47254615
      9110.0000     -1.2415971     0.46014874
      9120.0000     -1.2654353     0.51580976
      9130.0000     -1.2316375     0.43913527
      9140.0000     -1.2584934     0.50522593
      9150.0000     -1.2459967     0.47365574
      9160.0000     -1.2392980     0.45560753
      9170.0000     -1.2319629     0.45211505
      9180.0000     -1.2322952     0.45633442
      9190.0000     -1.2314244     0.44640914
      9200.0000     -1.2354348     0.44627228
      9210.0000     -1.2372074     0.45983931
      9220.0000     -1.2353232     0.44420879
      9230.0000     -1.2331658     0.44112947
      9240.0000     -1.2450855     0.46559145
      9250.0000     -1.2631286     0.50258162
      9260.0000     -1.2214233     0.40354212
      9270.0000     -1.2431165     0.48412675
      9280.0000     -1.2369526     0.46513793
      9290.0000     -1.2441765     0.46740958
      9300.0000     -1.2432151     0.46895484
      9310.0000     -1.2307970     0.44419012
      9320.0000     -1.2346781     0.45088305
      9330.0000     -1.2321222     0.44778510
      9340.0000     -1.2624668     0.52063544
      9350.0000     -1.2328909     0.43638770
      9360.0000     -1.2404658     0.46445406
      9370.0000     -1.2503458     0.48732124
      9380.0000     -1.2381610     0.46185235
      9390.0000     -1.2326443     0.44438658
      9400.0000     -1.2487745     0.48213723
      9410.0000     -1.2480574     0.47802179
      9420.0000     -1.2256423     0.42504459
      9430.0000     -1.2282195     0.44129692
      9440.0000     -1.2494396     0.49153178
      9450.0000     -1.2293566     0.42571323
      9460.0000     -1.2387400     0.45325053
      9470.0000     -1.2307339     0.42968374
      9480.0000     -1.2335316     0.44286287
      9490.0000     -1.2349389     0.44896259
      9500.0000     -1.2547179     0.49179474
      9510.0000     -1.2539790     0.48656572
      9520.0000     -1.2247784     0.41916439
      9530.0000     -1.2371280     0.46065058
      9540.0000     -1.2394696     0.47485954
      9550.0000     -1.2308670     0.44336492
      9560.0000     -1.2143452     0.39854916
      9570.0000     -1.2244284     0.42761912
      9580.0000     -1.2525866     0.48505010
      9590.0000     -1.2372190     0.44939155
      9600.0000     -1.2470750     0.47201667
      9610.0000     -1.2562893     0.49981270
      9620.0000     -1.2282703     0.42718607
      9630.0000     -1.2525836     0.47610384
      9640.0000     -1.2479741     0.47268257
      9650.0000     -1.2337202     0.45648342
      9660.0000     -1.2306190     0.44178778
      9670.0000     -1.2370455     0.45819752
      9680.0000     -1.2412107     0.45229132
      9690.0000     -1.2432704     0.45763829
      9700.0000     -1.2457464     0.46768608
      9710.0000     -1.2351153     0.45907415
      9720.0000     -1.2563827     0.49506379
      9730.0000     -1.2405190     0.46460021
      9740.0000     -1.2448265     0.47057700
      9750.0000     -1.2219374     0.43008103
      9760.0000     -1.2468023     0.47623873
      9770.0000     -1.2492211     0.47688690
      9780.0000     -1.2424969     0.47135941
      9790.0000     -1.2334464     0.44694382
      9800.0000     -1.2272102     0.41797194
      9810.0000     -1.2463629     0.47105759
      9820.0000     -1.2230988     0.42391701
      9830.0000     -1.2511597     0.48988505
      9840.0000     -1.2600925     0.51055843
      9850.0000     -1.2317827     0.45695685
      9860.0000     -1.2181298     0.41473022
      9870.0000     -1.2409433     0.45684853
      9880.0000     -1.2361862     0.45513107
      9890.0000     -1.2517442     0.48739990
      9900.0000     -1.2432141     0.47015707
      9910.0000     -1.2336680     0.44751766
      9920.0000     -1.2432752     0.46474244
      9930.0000     -1.2368530     0.45504079
      9940.0000     -1.2244567     0.43070423
      9950.0000     -1.2110342     0.41459397
      9960.0000     -1.2379147     0.44482028
      9970.0000     -1.2428205     0.46028285
      9980.0000     -1.2255030     0.42609920
      9990.0000     -1.2287628     0.43713163
      10000.000     -1.2414740     0.46042850
      10010.000     -1.2422208     0.45374725
      10020.000     -1.2312056     0.44735279
      10030.000     -1.2380070     0.46928465
      10040.000     -1.2398934     0.46062102
      10050.000     -1.2339900     0.43869005
      10060.000     -1.2313350     0.44745974
      10070.000     -1.2308570     0.42922244
      10080.000     -1.2469196     0.47952083
      10090.000     -1.2402904     0.46007879
      10100.000     -1.2406386     0.45940149
      10110.000     -1.2071909     0.38205786
      10120.000     -1.2207055     0.40734684
      10130.000     -1.2399023     0.45489191
      10140.000     -1.2430345     0.46673323
      10150.000     -1.2317222     0.43804483
      10160.000     -1.2282402     0.42450049
      10170.000     -1.2587129     0.50625664
      10180.000     -1.2429990     0.46851866
      10190.000     -1.2301914     0.43911629
      10200.000     -1.2108235     0.39753676
      10210.000     -1.2626690     0.50184427
      10220.000     -1.2416076     0.46868297
      10230.000     -1.2187537     0.40390909
      10240.000     -1.2474824     0.47992920
      10250.000     -1.2318429     0.43895854
      10260.000     -1.2357251     0.45055068
      10270.000     -1.2618452     0.51725073
      10280.000     -1.2437636     0.46229669
      10290.000     -1.2488746     0.48067784
      10300.000     -1.2264806     0.43030243
      10310.000     -1.2283792     0.44029243
      10320.000     -1.2408149     0.45027568
      10330.000     -1.2473872     0.48165053
      10340.000     -1.2359720     0.45846325
      10350.000     -1.2421961     0.47056908
      10360.000     -1.2482085     0.47750772
      10370.000     -1.2452719     0.46364899
      10380.000     -1.2310694     0.43976734
      10390.000     -1.2356429     0.45854427
      10400.000     -1.2363183     0.45672163
      10410.000     -1.2271345     0.43380115
      10420.000     -1.2320758     0.44013100
      10430.000     -1.2480978     0.47832215
      10440.000     -1.2414856     0.47750239
      10450.000     -1.2409636     0.46119187
      10460.000     -1.2253394     0.43277820
      10470.000     -1.2421079     0.46175692
      10480.000     -1.2198760     0.41409685
      10490.000     -1.2351802     0.45273260
      10500.000     -1.2377790     0.46272762
      10510.000     -1.2390504     0.44580400
      10520.000     -1.2358413     0.45169392
      10530.000     -1.2309136     0.45227113
      10540.000     -1.2257865     0.43549526
      10550.000     -1.2197697     0.41392180
      10560.000     -1.2382576     0.46659233
      10570.000     -1.2290066     0.41733964
      10580.000     -1.2521843     0.50193147
      10590.000     -1.2181681     0.41104155
      10600.000     -1.2364434     0.45901509
      10610.000     -1.2430066     0.46475024
      10620.000     -1.2248945     0.42524859
      10630.000     -1.2327799     0.44340640
      10640.000     -1.2223722     0.43586842
      10650.000     -1.2397746     0.45544413
      10660.000     -1.2499869     0.48515103
      10670.000     -1.2370918     0.45673102
      10680.000     -1.2485037     0.47717978
      10690.000     -1.2314275     0.44618990
      10700.000     -1.2325766     0.45016776
      10710.000     -1.2550980     0.49991270
      10720.000     -1.2449963     0.47495709
      10730.000     -1.2323057     0.44514073
      10740.000     -1.2412728     0.46654516
      10750.000     -1.2406400     0.46952651
      10760.000     -1.2491338     0.47862407
      10770.000     -1.2358663     0.45462210
      10780.000     -1.2232904     0.43241976
      10790.000     -1.2350204     0.44731881
      10800.000     -1.2389120     0.44150694
      10810.000     -1.2500666     0.48941536
      10820.000     -1.2464233     0.46095287
      10830.000     -1.2399861     0.46242151
      10840.000     -1.2292343     0.44218127
      10850.000     -1.2313972     0.43918848
      10860.000     -1.2246731     0.42754512
      10870.000     -1.2427856     0.47281417
      10880.000     -1.2370156     0.45938189
      10890.000     -1.2316290     0.44059917
      10900.000     -1.2266422     0.44277064
      10910.000     -1.2347864     0.46062924
      10920.000     -1.2361960     0.45220055
      10930.000     -1.2367246     0.44678042
      10940.000     -1.2444488     0.46657770
      10950.000     -1.2372685     0.45080913
      10960.000     -1.2230027     0.42818659
      10970.000     -1.2286645     0.43322015
      10980.000     -1.2305537     0.43073907
      10990.000     -1.2351993     0.46225523
      11000.000     -1.2458509     0.48583409
      11010.000     -1.2254514     0.43177021
      11020.000     -1.2357223     0.46142559
      11030.000     -1.2306981     0.43634316
      11040.000     -1.2417364     0.46937772
      11050.000     -1.2364932     0.45867059
      11060.000     -1.2274539     0.42093400
      11070.000     -1.2306621     0.45146703
      11080.000     -1.2459197     0.46370442
      11090.000     -1.2536610     0.49157890
      11100.000     -1.2461685     0.46554685
      11110.000     -1.2379658     0.45494779
      11120.000     -1.2492671     0.48655755
      11130.000     -1.2418410     0.47085400
      11140.000     -1.2387047     0.45264901
      11150.000     -1.2426511     0.46729327
      11160.000     -1.2360708     0.45262903
      11170.000     -1.2337771     0.45543733
      11180.000     -1.2377925     0.45753712
      11190.000     -1.2359428     0.45196693
      11200.000     -1.2376259     0.45801741
      11210.000     -1.2225129     0.41987110
      11220.000     -1.2216586     0.42582487
      11230.000     -1.2259065     0.43619012
      11240.000     -1.2220890     0.42382829
      11250.000     -1.2327947     0.43880667
      11260.000     -1.2211670     0.43160746
      11270.000     -1.2263727     0.42877684
      11280.000     -1.2555496     0.48600975
      11290.000     -1.2497360     0.47748051
      11300.000     -1.2350177     0.44637566
      11310.000     -1.2444120     0.48625376
      11320.000     -1.2498224     0.47271687
      11330.000     -1.2488553     0.47898544
      11340.000     -1.2519480     0.48965168
      11350.000     -1.2480194     0.47490352
      11360.000     -1.2208151     0.43196787
      11370.000     -1.2392876     0.46133905
      11380.000     -1.2578963     0.50376054
      11390.000     -1.2456286     0.47385294
      11400.000     -1.2327053     0.44991140
      11410.000     -1.2366582     0.45380631
      11420.000     -1.2428047     0.46735595
      11430.000     -1.2323692     0.45472922
      11440.000     -1.2417561     0.46934528
      11450.000     -1.2276646     0.44236288
      11460.000     -1.2500183     0.47346161
      11470.000     -1.2370863     0.45062249
      11480.000     -1.2534111     0.48865767
      11490.000     -1.2377058     0.45667145
      11500.000     -1.2429043     0.46835391
      11510.000     -1.2583771     0.50747785
      11520.000     -1.2475590     0.47571962
      11530.000     -1.2223226     0.42855074
      11540.000     -1.2134887     0.40295321
      11550.000     -1.2446173     0.46463074
      11560.000     -1.2368763     0.44183910
      11570.000     -1.2494814     0.48239585
      11580.000     -1.2550380     0.49485535
      11590.000     -1.2367325     0.44629292
      11600.000     -1.2255397     0.41446638
      11610.000     -1.2387468     0.45941171
      11620.000     -1.2319871     0.43945267
      11630.000     -1.2274979     0.43810791
      11640.000     -1.2357122     0.44900859
      11650.000     -1.2320953     0.43710429
      11660.000     -1.2328696     0.45072856
      11670.000     -1.2554773     0.49873265
      11680.000     -1.2509692     0.48439341
      11690.000     -1.2464782     0.47216168
      11700.000     -1.2439838     0.46401325
      11710.000     -1.2362109     0.45258711
      11720.000     -1.2344036     0.45186135
      11730.000     -1.2294254     0.42876684
      11740.000     -1.2111474     0.40312649
      11750.000     -1.2389796     0.45154851
      11760.000     -1.2266446     0.43200595
      11770.000     -1.2313246     0.44989932
      11780.000     -1.2483285     0.48291087
      11790.000     -1.2414919     0.47431425
      11800.000     -1.2495559     0.47488136
      11810.000     -1.2418916     0.45632684
      11820.000     -1.2429670     0.46237352
      11830.000     -1.2451183     0.46991716
      11840.000     -1.2272855     0.42328758
      11850.000     -1.2581266     0.48948143
      11860.000     -1.2288339     0.43173019
      11870.000     -1.2337742     0.44975274
      11880.000     -1.2254495     0.43437079
      11890.000     -1.2499033     0.47790496
      11900.000     -1.2361252     0.46104748
      11910.000     -1.2243602     0.43402645
      11920.000     -1.2170680     0.41098196
      11930.000     -1.2343060     0.43737133
      11940.000     -1.2364849     0.44579564
      11950.000     -1.2437950     0.47418996
      11960.000     -1.2244758     0.42003721
      11970.000     -1.2526892     0.49581287
      11980.000     -1.2309750     0.44499332
      11990.000     -1.2425546     0.46286781
      12000.000     -1.2410067     0.46779625
      12010.000     -1.2392473     0.45551915
      12020.000     -1.2427072     0.46526539
      12030.000     -1.2453965     0.47707772
      12040.000     -1.2475083     0.47989037
      12050.000     -1.2417759     0.46568008
      12060.000     -1.2142828     0.40382131
      12070.000     -1.2399586     0.46074731
      12080.000     -1.2224959     0.41846978
      12090.000     -1.2276022     0.43155873
      12100.000     -1.2441198     0.45472727
      12110.000     -1.2332667     0.44525599
      12120.000     -1.2270932     0.43295173
      12130.000     -1.2460239     0.47054740
      12140.000     -1.2170264     0.41081549
      12150.000     -1.2430634     0.47305597
      12160.000     -1.2473470     0.46884622
      12170.000     -1.2380181     0.45037141
      12180.000     -1.2391199     0.47076683
      12190.000     -1.2258384     0.42315628
      12200.000     -1.2259762     0.43917459
      12210.000     -1.2476691     0.48191646
      12220.000     -1.2402406     0.46566080
      12230.000     -1.2323622     0.44027024
      12240.000     -1.2326740     0.45001103
      12250.000     -1.2267257     0.43334286
      12260.000     -1.2298670     0.44920759
      12270.000     -1.2328696     0.44164751
      12280.000     -1.2211979     0.41117020
      12290.000     -1.2381937     0.46642799
      12300.000     -1.2390081     0.46950447
      12310.000     -1.2447465     0.46675223
      12320.000     -1.2296201     0.44370089
      12330.000     -1.2279862     0.44586456
      12340.000     -1.2125340     0.40750000
      12350.000     -1.2359134     0.45678543
      12360.000     -1.2513697     0.48564765
      12370.000     -1.2377745     0.45688440
      12380.000     -1.2456066     0.48301898
      12390.000     -1.2343648     0.44163519
      12400.000     -1.2317097     0.43807379
      12410.000     -1.2420218     0.45579774
      12420.000     -1.2356763     0.45439452
      12430.000     -1.2242864     0.42962993
      12440.000     -1.2433834     0.47128336
      12450.000     -1.2428337     0.47062249
      12460.000     -1.2559422     0.50772071
      12470.000     -1.2291893     0.42899078
      12480.000     -1.2394575     0.45859856
      12490.000     -1.2360408     0.44478783
      12500.000     -1.2565400     0.49957000
      12510.000     -1.2375604     0.45351639
      12520.000     -1.2591757     0.50604912
      12530.000     -1.2340822     0.44788468
      12540.000     -1.2208301     0.43391188
      12550.000     -1.2359705     0.44126056
      12560.000     -1.2462627     0.47198766
      12570.000     -1.2312474     0.43180708
      12580.000     -1.2312051     0.43667329
      12590.000     -1.2166696     0.40447577
      12600.000     -1.2374849     0.45398770
      12610.000     -1.2393878     0.45046907
      12620.000     -1.2224390     0.42723851
      12630.000     -1.2387189     0.46218329
      12640.000     -1.2397547     0.45106527
      12650.000     -1.2419494     0.45936324
      12660.000     -1.2461209     0.48347472
      12670.000     -1.2509203     0.48263891
      12680.000     -1.2232129     0.42229929
      12690.000     -1.2347510     0.45091332
      12700.000     -1.2201551     0.41203780
      12710.000     -1.2308324     0.44794729
      12720.000     -1.2341863     0.44856564
      12730.000     -1.2275279     0.43277808
      12740.000     -1.2260526     0.44170408
      12750.000     -1.2283749     0.43892549
      12760.000     -1.2409749     0.45689381
      12770.000     -1.2421198     0.45904659
      12780.000     -1.2377520     0.46412676
      12790.000     -1.2377256     0.45348710
      12800.000     -1.2409148     0.46370938
      12810.000     -1.2413068     0.46791569
      12820.000     -1.2323487     0.45180733
      12830.000     -1.2585721     0.51229969
      12840.000     -1.2387134     0.44768964
      12850.000     -1.2398934     0.46220934
      12860.000     -1.2335148     0.44682621
      12870.000     -1.2290746     0.44013481
      12880.000     -1.2482360     0.48769837
      12890.000     -1.2406028     0.46451590
      12900.000     -1.2326899     0.44102171
      12910.000     -1.2406685     0.46087607
      12920.000     -1.2254938     0.42461649
      12930.000     -1.2413179     0.46833604
      12940.000     -1.2316043     0.43612094
      12950.000     -1.2327382     0.43414402
      12960.000     -1.2313657     0.43090895
      12970.000     -1.2368296     0.46087394
      12980.000     -1.2232797     0.43481626
      12990.000     -1.2382764     0.46041224
      13000.000     -1.2344977     0.45282538
      13010.000     -1.2193974     0.41682667
      13020.000     -1.2335868     0.44594432
      13030.000     -1.2359325     0.46021719
      13040.000     -1.2308727     0.43888650
      13050.000     -1.2380881     0.45561724
      13060.000     -1.2407389     0.46595636
      13070.000     -1.2299908     0.43709870
      13080.000     -1.2389648     0.46078517
      13090.000     -1.2428258     0.46975936
      13100.000     -1.2420840     0.47243282
      13110.000     -1.2522532     0.48888596
      13120.000     -1.2319070     0.44370732
      13130.000     -1.2576618     0.50468126
      13140.000     -1.2204802     0.41554756
      13150.000     -1.2405779     0.46678023
      13160.000     -1.2338237     0.44887880
      13170.000     -1.2301055     0.44370046
      13180.000     -1.2414302     0.46743323
      13190.000     -1.2568317     0.50173237
      13200.000     -1.2535220     0.49657121
      13210.000     -1.2288698     0.43372975
      13220.000     -1.2306808     0.44082943
      13230.000     -1.2486138     0.46751701
      13240.000     -1.2253822     0.43289841
      13250.000     -1.2388785     0.46231585
      13260.000     -1.2461682     0.48163801
      13270.000     -1.2331424     0.44819631
      13280.000     -1.2361099     0.45344089
      13290.000     -1.2384522     0.46152370
      13300.000     -1.2310647     0.44189135
      13310.000     -1.2248858     0.43094365
      13320.000     -1.2344947     0.44803078
      13330.000     -1.2317892     0.43848912
      13340.000     -1.2463126     0.46354760
      13350.000     -1.2353371     0.44601985
      13360.000     -1.2502605     0.47947343
      13370.000     -1.2374248     0.45074533
      13380.000     -1.2427354     0.46529447
      13390.000     -1.2338820     0.44933122
      13400.000     -1.2486239     0.47224963
      13410.000     -1.2349113     0.44821738
      13420.000     -1.2535306     0.48346200
      13430.000     -1.2397491     0.45949516
      13440.000     -1.2371570     0.45868192
      13450.000     -1.2204208     0.41738885
      13460.000     -1.2529049     0.49308878
      13470.000     -1.2506414     0.49106719
      13480.000     -1.2330000     0.44965690
      13490.000     -1.2349051     0.45055041
      13500.000     -1.2323593     0.45300815
      13510.000     -1.2388801     0.45474389
      13520.000     -1.2422537     0.46538609
      13530.000     -1.2360177     0.44855506
      13540.000     -1.2384025     0.46135487
      13550.000     -1.2334856     0.43871328
      13560.000     -1.2358156     0.45696350
      13570.000     -1.2312380     0.43910833
      13580.000     -1.2509669     0.48503866
      13590.000     -1.2316968     0.44517991
      13600.000     -1.2244743     0.44384449
      13610.000     -1.2340419     0.44702168
      13620.000     -1.2262753     0.43915125
      13630.000     -1.2360462     0.44968966
      13640.000     -1.2212493     0.41452126
      13650.000     -1.2122220     0.40200952
      13660.000     -1.2361794     0.45572182
      13670.000     -1.2273643     0.43701317
      13680.000     -1.2443911     0.46461440
      13690.000     -1.2510745     0.48599014
      13700.000     -1.2210591     0.41340657
      13710.000     -1.2308206     0.43609117
      13720.000     -1.2310488     0.44276786
      13730.000     -1.2348281     0.43173489
      13740.000     -1.2347678     0.45068377
      13750.000     -1.2291345     0.43866545
      13760.000     -1.2428474     0.46279360
      13770.000     -1.2286696     0.43835149
      13780.000     -1.2345138     0.44686720
      13790.000     -1.2132901     0.41010442
      13800.000     -1.2378580     0.45675072
      13810.000     -1.2395279     0.45625706
      13820.000     -1.2352113     0.45598589
      13830.000     -1.2305539     0.43860195
      13840.000     -1.2260260     0.43485910
      13850.000     -1.2476910     0.48416787
      13860.000     -1.2335166     0.44729654
      13870.000     -1.2616972     0.50782336
      13880.000     -1.2427486     0.46826153
      13890.000     -1.2369093     0.45598776
      13900.000     -1.2409935     0.46360108
      13910.000     -1.2236477     0.43661934
      13920.000     -1.2232421     0.42900000
      13930.000     -1.2367502     0.45070782
      13940.000     -1.2384641     0.46852475
      13950.000     -1.2202351     0.41672401
      13960.000     -1.2438911     0.46288467
      13970.000     -1.2321654     0.44984753
      13980.000     -1.2411466     0.46042918
      13990.000     -1.2244875     0.42507970
      14000.000     -1.2360943     0.44929143
      14010.000     -1.2269971     0.42141006
      14020.000     -1.2394622     0.45973039
      14030.000     -1.2489879     0.47158660
      14040.000     -1.2414537     0.46689886
      14050.000     -1.2300142     0.44701459
      14060.000     -1.2350363     0.45262020
      14070.000     -1.2350753     0.45490050
      14080.000     -1.2352947     0.43967365
      14090.000     -1.2353889     0.45867353
      14100.000     -1.2403865     0.45787730
      14110.000     -1.2392629     0.45389794
      14120.000     -1.2285191     0.43948088
      14130.000     -1.2475591     0.47884926
      14140.000     -1.2460276     0.47880516
      14150.000     -1.2584615     0.49106219
      14160.000     -1.2374244     0.45316525
      14170.000     -1.2307558     0.42954905
      14180.000     -1.2288329     0.45018230
      14190.000     -1.2148732     0.39716667
      14200.000     -1.2350599     0.44191725
      14210.000     -1.2452365     0.46361224
      14220.000     -1.2413594     0.47387447
      14230.000     -1.2396353     0.45870134
      14240.000     -1.2341721     0.44575843
      14250.000     -1.2390751     0.45930351
      14260.000     -1.2327237     0.44356872
      14270.000     -1.2438437     0.47280028
      14280.000     -1.2469209     0.48070378
      14290.000     -1.2547859     0.49540098
      14300.000     -1.2404846     0.46833007
      14310.000     -1.2308162     0.44405136
      14320.000     -1.2465335     0.47867633
      14330.000     -1.2429525     0.46485136
      14340.000     -1.2475153     0.47974895
      14350.000     -1.2348181     0.45714355
      14360.000     -1.2349074     0.45099791
      14370.000     -1.2340536     0.44571329
      14380.000     -1.2342024     0.45891446
      14390.000     -1.2433489     0.46479256
      14400.000     -1.2347104     0.44483993
      14410.000     -1.2322887     0.42912110
      14420.000     -1.2216928     0.40998752
      14430.000     -1.2307096     0.44238046
      14440.000     -1.2423857     0.46376385
      14450.000     -1.2360886     0.45812422
      14460.000     -1.2550104     0.48295401
      14470.000     -1.2303594     0.44736282
      14480.000     -1.2273267     0.42656872
      14490.000     -1.2476770     0.47668875
      14500.000     -1.2296972     0.45476621
      14510.000     -1.2404128     0.46936010
      14520.000     -1.2373161     0.45280337
      14530.000     -1.2555974     0.49211390
      14540.000     -1.2411396     0.47168432
      14550.000     -1.2398838     0.45641718
      14560.000     -1.2342363     0.44613530
      14570.000     -1.2380069     0.44984523
      14580.000     -1.2476139     0.47146639
      14590.000     -1.2290302     0.43129369
      14600.000     -1.2393596     0.45715993
      14610.000     -1.2349918     0.44971971
      14620.000     -1.2398625     0.46448700
      14630.000     -1.2526890     0.48354170
      14640.000     -1.2430260     0.47027732
      14650.000     -1.2327290     0.44175529
      14660.000     -1.2447804     0.46849693
      14670.000     -1.2344404     0.46050409
      14680.000     -1.2401907     0.46049183
      14690.000     -1.2373111     0.45185671
      14700.000     -1.2318646     0.43453878
      14710.000     -1.2364215     0.44352039
      14720.000     -1.2423818     0.46286073
      14730.000     -1.2484440     0.47029294
      14740.000     -1.2315767     0.44620081
      14750.000     -1.2371478     0.45191525
      14760.000     -1.2407561     0.45183943
      14770.000     -1.2234306     0.42077657
      14780.000     -1.2326387     0.44592896
      14790.000     -1.2239459     0.42763962
      14800.000     -1.2463716     0.47877703
      14810.000     -1.2422620     0.47144092
      14820.000     -1.2491943     0.49185121
      14830.000     -1.2495361     0.48984289
      14840.000     -1.2320296     0.44242588
      14850.000     -1.2317367     0.44926431
      14860.000     -1.2298896     0.42631326
      14870.000     -1.2330000     0.44010928
      14880.000     -1.2414590     0.45367305
      14890.000     -1.2326414     0.43945165
      14900.000     -1.2095544     0.38367013
      14910.000     -1.2486982     0.47312274
      14920.000     -1.2449021     0.47003150
      14930.000     -1.2289498     0.44391494
      14940.000     -1.2564726     0.49466098
      14950.000     -1.2414649     0.46101572
      14960.000     -1.2442527     0.46454880
      14970.000     -1.2335438     0.44757749
      14980.000     -1.2452490     0.45827270
      14990.000     -1.2521574     0.49061107
      15000.000     -1.2390133     0.45845933
      15010.000     -1.2377209     0.45917588
      15020.000     -1.2515979     0.48308123
      15030.000     -1.2499594     0.48134165
      15040.000     -1.2386503     0.45748305
      15050.000     -1.2472379     0.47368372
      15060.000     -1.2468851     0.48210359
      15070.000     -1.2348918     0.44112309
      15080.000     -1.2446678     0.46981631
      15090.000     -1.2406269     0.45866998
      15100.000     -1.2326503     0.45074503
      15110.000     -1.2462839     0.47412508
      15120.000     -1.2217507     0.42452646
      15130.000     -1.2383602     0.45636880
      15140.000     -1.2381863     0.46366281
      15150.000     -1.2433690     0.46797096
      15160.000     -1.2404538     0.45916095
      15170.000     -1.2383085     0.46190442
      15180.000     -1.2285026     0.43612319
      15190.000     -1.2518756     0.48947531
      15200.000     -1.2349487     0.45104079
      15210.000     -1.2363649     0.44445562
      15220.000     -1.2280900     0.43166524
      15230.000     -1.2356231     0.45292285
      15240.000     -1.2292329     0.43770505
      15250.000     -1.2493430     0.47976721
      15260.000     -1.2230472     0.42790727
      15270.000     -1.2268697     0.42862246
      15280.000     -1.2275668     0.42722775
      15290.000     -1.2209418     0.41293231
      15300.000     -1.2261013     0.42830392
      15310.000     -1.2424788     0.47516264
      15320.000     -1.2438081     0.47341580
      15330.000     -1.2160254     0.40831703
      15340.000     -1.2430443     0.46206421
      15350.000     -1.2462417     0.46709023
      15360.000     -1.2263346     0.43453158
      15370.000     -1.2353526     0.44802017
      15380.000     -1.2275436     0.43006469
      15390.000     -1.2366907     0.46268778
      15400.000     -1.2299422     0.44750130
      15410.000     -1.2350000     0.45936665
      15420.000     -1.2292769     0.43484371
      15430.000     -1.2401782     0.45188075
      15440.000     -1.2234229     0.42450777
      15450.000     -1.2420239     0.45719417
      15460.000     -1.2389754     0.47139069
      15470.000     -1.2340633     0.44731060
      15480.000     -1.2393417     0.45957784
      15490.000     -1.2203648     0.41025242
      15500.000     -1.2441974     0.47357129
      15510.000     -1.2296435     0.44122663
      15520.000     -1.2345071     0.44092268
      15530.000     -1.2327630     0.45022440
      15540.000     -1.2417600     0.46067246
      15550.000     -1.2422437     0.46272894
      15560.000     -1.2255540     0.42754884
      15570.000     -1.2501715     0.48664772
      15580.000     -1.2452580     0.45787067
      15590.000     -1.2367004     0.45405741
      15600.000     -1.2384955     0.45526795
      15610.000     -1.2380275     0.45147982
      15620.000     -1.2356767     0.45348496
      15630.000     -1.2332674     0.44901536
      15640.000     -1.2293203     0.43583504
      15650.000     -1.2375208     0.45718658
      15660.000     -1.2484221     0.47206034
      15670.000     -1.2314467     0.43762763
      15680.000     -1.2295906     0.43300255
      15690.000     -1.2250006     0.42673932
      15700.000     -1.2416299     0.46327389
      15710.000     -1.2342031     0.44355856
      15720.000     -1.2319733     0.43244084
      15730.000     -1.2381125     0.45987158
      15740.000     -1.2361042     0.44191995
      15750.000     -1.2409956     0.46819778
      15760.000     -1.2231777     0.42607138
      15770.000     -1.2438142     0.45099715
      15780.000     -1.2379563     0.45820627
      15790.000     -1.2292217     0.44483502
      15800.000     -1.2376209     0.45238892
      15810.000     -1.2466730     0.47657748
      15820.000     -1.2255594     0.42796934
      15830.000     -1.2496589     0.47524100
      15840.000     -1.2432159     0.46842740
      15850.000     -1.2360959     0.45101230
      15860.000     -1.2312932     0.43956494
      15870.000     -1.2296623     0.44741745
      15880.000     -1.2411921     0.47029440
      15890.000     -1.2247804     0.43243172
      15900.000     -1.2381874     0.46326132
      15910.000     -1.2364224     0.45086361
      15920.000     -1.2400339     0.46878141
      15930.000     -1.2214225     0.42576397
      15940.000     -1.2332196     0.44467284
      15950.000     -1.2420376     0.45638495
      15960.000     -1.2378910     0.45558490
      15970.000     -1.2429743     0.46259455
      15980.000     -1.2395651     0.46239675
      15990.000     -1.2375491     0.45246998
      16000.000     -1.2326594     0.44615125
      16010.000     -1.2290456     0.43494660
      16020.000     -1.2246816     0.42934114
      16030.000     -1.2351085     0.45378977
      16040.000     -1.2368385     0.45319763
      16050.000     -1.2395701     0.45545016
      16060.000     -1.2282036     0.43372540
      16070.000     -1.2279428     0.43252707
      16080.000     -1.2309005     0.43665423
      16090.000     -1.2444425     0.46909820
      16100.000     -1.2341087     0.45271211
      16110.000     -1.2415003     0.46210956
      16120.000     -1.2233883     0.42583995
      16130.000     -1.2346534     0.44681556
      16140.000     -1.2406660     0.46348141
      16150.000     -1.2255536     0.43081115
      16160.000     -1.2300885     0.44274010
      16170.000     -1.2396846     0.46378355
      16180.000     -1.2248677     0.42949444
      16190.000     -1.2271550     0.43164947
      16200.000     -1.2314988     0.45286235
      16210.000     -1.2297489     0.44418384
      16220.000     -1.2346307     0.45584556
      16230.000     -1.2253734     0.43435367
      16240.000     -1.2468861     0.47050123
      16250.000     -1.2396197     0.46513477
      16260.000     -1.2546365     0.48931150
      16270.000     -1.2348722     0.45860787
      16280.000     -1.2167850     0.40812592
      16290.000     -1.2429675     0.47614119
      16300.000     -1.2298693     0.44685982
      16310.000     -1.2230656     0.42959687
      16320.000     -1.2373058     0.45947457
      16330.000     -1.2378506     0.46099357
      16340.000     -1.2414204     0.47029988
      16350.000     -1.2286777     0.42904190
      16360.000     -1.2364878     0.45028515
      16370.000     -1.2359145     0.44387477
      16380.000     -1.2267497     0.41949634
      16390.000     -1.2338054     0.44845943
      16400.000     -1.2296427     0.43433780
      16410.000     -1.2211487     0.41795887
      16420.000     -1.2268551     0.43507125
      16430.000     -1.2371856     0.44879854
      16440.000     -1.2453808     0.47700243
      16450.000     -1.2336225     0.43739818
      16460.000     -1.2357983     0.44723026
      16470.000     -1.2332052     0.44056557
      16480.000     -1.2527227     0.50295146
      16490.000     -1.2285288     0.42913069
      16500.000     -1.2283242     0.43807970
      16510.000     -1.2263410     0.43721290
      16520.000     -1.2218699     0.42919370
      16530.000     -1.2272329     0.43147368
      16540.000     -1.2165586     0.41459976
      16550.000     -1.2410477     0.46034622
      16560.000     -1.2323768     0.43863104
      16570.000     -1.2440253     0.46299246
      16580.000     -1.2266369     0.43083052
      16590.000     -1.2275859     0.41730621
      16600.000     -1.2364452     0.45580060
      16610.000     -1.2378140     0.45224925
      16620.000     -1.2380921     0.45907702
      16630.000     -1.2365779     0.44603037
      16640.000     -1.2381923     0.44560697
      16650.000     -1.2391309     0.46915766
      16660.000     -1.2462311     0.46518818
      16670.000     -1.2413407     0.46223155
      16680.000     -1.2405516     0.46623771
      16690.000     -1.2469203     0.47645536
      16700.000     -1.2285826     0.43032754
      16710.000     -1.2256373     0.42781059
      16720.000     -1.2259414     0.43289803
      16730.000     -1.2440173     0.48109115
      16740.000     -1.2343656     0.44154480
      16750.000     -1.2423224     0.46998985
      16760.000     -1.2376772     0.45255579
      16770.000     -1.2371819     0.45383631
      16780.000     -1.2320959     0.44661472
      16790.000     -1.2285861     0.44768017
      16800.000     -1.2367708     0.44584940
      16810.000     -1.2255300     0.41913474
      16820.000     -1.2268757     0.42435285
      16830.000     -1.2476061     0.47361676
      16840.000     -1.2550065     0.49551010
      16850.000     -1.2461982     0.46047715
      16860.000     -1.2375617     0.46503944
      16870.000     -1.2269864     0.43787552
      16880.000     -1.2348353     0.44908086
      16890.000     -1.2244500     0.42420456
      16900.000     -1.2359095     0.44665355
      16910.000     -1.2324808     0.44745269
      16920.000     -1.2364710     0.45172961
      16930.000     -1.2323166     0.44244123
      16940.000     -1.2334805     0.44353630
      16950.000     -1.2375965     0.45960236
      16960.000     -1.2246563     0.42333196
      16970.000     -1.2348869     0.44454596
      16980.000     -1.2624629     0.50427856
      16990.000     -1.2512301     0.48419717
      17000.000     -1.2477176     0.48074500
      17010.000     -1.2400459     0.45882775
      17020.000     -1.2407744     0.46487192
      17030.000     -1.2393917     0.44977980
      17040.000     -1.2478509     0.47791579
      17050.000     -1.2449877     0.46933167
      17060.000     -1.2416641     0.47658148
      17070.000     -1.2338442     0.44425161
      17080.000     -1.2455656     0.47413349
      17090.000     -1.2356355     0.45820626
      17100.000     -1.2152977     0.39351813
      17110.000     -1.2344541     0.44488866
      17120.000     -1.2451834     0.47427687
      17130.000     -1.2525201     0.48770578
      17140.000     -1.2367380     0.45292386
      17150.000     -1.2302262     0.43971603
      17160.000     -1.2395309     0.45716142
      17170.000     -1.2419121     0.46869336
      17180.000     -1.2299010     0.43884895
      17190.000     -1.2354724     0.45343397
      17200.000     -1.2363715     0.45733052
      17210.000     -1.2345224     0.45353690
      17220.000     -1.2271463     0.43030081
      17230.000     -1.2326402     0.44877510
      17240.000     -1.2282140     0.43371201
      17250.000     -1.2233588     0.42522058
      17260.000     -1.2429444     0.46350261
      17270.000     -1.2352287     0.45161899
      17280.000     -1.2326042     0.43581105
      17290.000     -1.2316819     0.44822123
      17300.000     -1.2358792     0.44513064
      17310.000     -1.2245852     0.42834633
      17320.000     -1.2243204     0.42343245
      17330.000     -1.2353526     0.45798586
      17340.000     -1.2282630     0.42567186
      17350.000     -1.2301712     0.43018732
      17360.000     -1.2368404     0.45276238
      17370.000     -1.2369303     0.45969718
      17380.000     -1.2448211     0.47519965
      17390.000     -1.2358321     0.44240857
      17400.000     -1.2352362     0.45264109
      17410.000     -1.2264595     0.42555313
      17420.000     -1.2392807     0.45616332
      17430.000     -1.2321486     0.44786976
      17440.000     -1.2398687     0.46587070
      17450.000     -1.2386401     0.46250974
      17460.000     -1.2317079     0.44054467
      17470.000     -1.2276159     0.44520263
      17480.000     -1.2355778     0.45092677
      17490.000     -1.2427844     0.46398113
      17500.000     -1.2332394     0.44973543
      17510.000     -1.2423592     0.45751571
      17520.000     -1.2335451     0.44882363
      17530.000     -1.2510205     0.48684883
      17540.000     -1.2419852     0.45879276
      17550.000     -1.2376125     0.45646410
      17560.000     -1.2358850     0.45431834
      17570.000     -1.2364650     0.44716392
      17580.000     -1.2341257     0.44896644
      17590.000     -1.2306742     0.44463331
      17600.000     -1.2455335     0.47449886
      17610.000     -1.2337411     0.44561613
      17620.000     -1.2283263     0.43518842
      17630.000     -1.2246092     0.42135961
      17640.000     -1.2388192     0.45461451
      17650.000     -1.2498011     0.48242351
      17660.000     -1.2292361     0.42680917
      17670.000     -1.2408517     0.46056282
      17680.000     -1.2376793     0.45295588
      17690.000     -1.2373086     0.46253561
      17700.000     -1.2341780     0.45647994
      17710.000     -1.2330796     0.45285234
      17720.000     -1.2380909     0.45078386
      17730.000     -1.2441066     0.46779131
      17740.000     -1.2281550     0.42897943
      17750.000     -1.2392665     0.46103493
      17760.000     -1.2417038     0.45736599
      17770.000     -1.2353489     0.45053827
      17780.000     -1.2393988     0.45724550
      17790.000     -1.2330478     0.44508544
      17800.000     -1.2423781     0.45942865
      17810.000     -1.2324683     0.45261005
      17820.000     -1.2357957     0.45294753
      17830.000     -1.2436096     0.46647504
      17840.000     -1.2450959     0.47953924
      17850.000     -1.2310224     0.44616975
      17860.000     -1.2339642     0.44505963
      17870.000     -1.2234689     0.41959821
      17880.000     -1.2306281     0.43828356
      17890.000     -1.2377183     0.45693069
      17900.000     -1.2453687     0.47807821
      17910.000     -1.2277817     0.44923311
      17920.000     -1.2374743     0.45514286
      17930.000     -1.2512766     0.48923787
      17940.000     -1.2358590     0.44675446
      17950.000     -1.2457994     0.47054429
      17960.000     -1.2365267     0.45148998
      17970.000     -1.2300612     0.43851447
      17980.000     -1.2387408     0.46125806
      17990.000     -1.2368116     0.45229016
      18000.000     -1.2342156     0.44913861
      18010.000     -1.2329423     0.44594364
      18020.000     -1.2312214     0.44408241
      18030.000     -1.2401265     0.46641847
      18040.000     -1.2291558     0.43818016
      18050.000     -1.2346837     0.46142881
      18060.000     -1.2341174     0.44844048
      18070.000     -1.2401378     0.46521500
      18080.000     -1.2334939     0.44860979
      18090.000     -1.2368038     0.45240022
      18100.000     -1.2427232     0.46600276
      18110.000     -1.2344793     0.44447294
      18120.000     -1.2473907     0.48270281
      18130.000     -1.2384060     0.45904054
      18140.000     -1.2339785     0.45025717
      18150.000     -1.2326485     0.44024298
      18160.000     -1.2389422     0.45450441
      18170.000     -1.2440039     0.46668575
      18180.000     -1.2377750     0.46241392
      18190.000     -1.2465613     0.48204288
      18200.000     -1.2377132     0.45625055
      18210.000     -1.2547062     0.48682455
      18220.000     -1.2423386     0.46534742
      18230.000     -1.2265557     0.42531514
      18240.000     -1.2287012     0.44004112
      18250.000     -1.2319501     0.44479288
      18260.000     -1.2318675     0.43596495
      18270.000     -1.2446256     0.46752326
      18280.000     -1.2364497     0.45012582
      18290.000     -1.2429552     0.45923209
      18300.000     -1.2299650     0.43213552
      18310.000     -1.2375363     0.45396505
      18320.000     -1.2219558     0.41615857
      18330.000     -1.2367638     0.44348445
      18340.000     -1.2264318     0.42745174
      18350.000     -1.2290523     0.44112234
      18360.000     -1.2443731     0.46234341
      18370.000     -1.2248944     0.44062901
      18380.000     -1.2272541     0.43472769
      18390.000     -1.2468129     0.46668706
      18400.000     -1.2426951     0.46647065
      18410.000     -1.2455084     0.46976181
      18420.000     -1.2317134     0.44976710
      18430.000     -1.2355285     0.44918557
      18440.000     -1.2356925     0.45274919
      18450.000     -1.2258867     0.43356043
      18460.000     -1.2357264     0.45314897
      18470.000     -1.2318944     0.44638901
      18480.000     -1.2310060     0.42987284
      18490.000     -1.2396625     0.45438588
      18500.000     -1.2239778     0.42713351
      18510.000     -1.2428147     0.47250000
      18520.000     -1.2292878     0.43805859
      18530.000     -1.2350394     0.44145440
      18540.000     -1.2413522     0.46975512
      18550.000     -1.2302900     0.44610135
      18560.000     -1.2364817     0.44901239
      18570.000     -1.2264066     0.43125040
      18580.000     -1.2351265     0.45513079
      18590.000     -1.2512534     0.47868666
      18600.000     -1.2219043     0.41929543
      18610.000     -1.2420591     0.46994519
      18620.000     -1.2375752     0.45580183
      18630.000     -1.2373167     0.45575094
      18640.000     -1.2389206     0.45397827
      18650.000     -1.2481796     0.48568150
      18660.000     -1.2448012     0.47128537
      18670.000     -1.2293465     0.43159025
      18680.000     -1.2348919     0.44289855
      18690.000     -1.2306067     0.44614741
      18700.000     -1.2326487     0.45399572
      18710.000     -1.2341261     0.44852378
      18720.000     -1.2454108     0.47439931
      18730.000     -1.2522499     0.48970609
      18740.000     -1.2390512     0.46087353
      18750.000     -1.2279237     0.43745787
      18760.000     -1.2459430     0.47359222
      18770.000     -1.2363538     0.45525919
      18780.000     -1.2359755     0.44082348
      18790.000     -1.2338164     0.44910005
      18800.000     -1.2472452     0.47968457
      18810.000     -1.2297400     0.43706858
      18820.000     -1.2406658     0.46603135
      18830.000     -1.2330393     0.44936272
      18840.000     -1.2362861     0.45131184
      18850.000     -1.2358573     0.45052493
      18860.000     -1.2276029     0.43115933
      18870.000     -1.2368988     0.45586089
      18880.000     -1.2307797     0.44723226
      18890.000     -1.2431429     0.45683166
      18900.000     -1.2284677     0.42898042
      18910.000     -1.2315933     0.44810497
      18920.000     -1.2335264     0.44511760
      18930.000     -1.2334855     0.45330956
      18940.000     -1.2388458     0.45373020
      18950.000     -1.2253842     0.43342823
      18960.000     -1.2357236     0.45002321
      18970.000     -1.2290385     0.44495282
      18980.000     -1.2332403     0.44618546
      18990.000     -1.2213576     0.41792575
      19000.000     -1.2414000     0.46339711
      19010.000     -1.2404492     0.46517833
      19020.000     -1.2451136     0.47584595
      19030.000     -1.2561014     0.49448135
      19040.000     -1.2302631     0.43387080
      19050.000     -1.2464625     0.47013753
      19060.000     -1.2232791     0.42364061
      19070.000     -1.2381484     0.45697902
      19080.000     -1.2281745     0.43576389
      19090.000     -1.2279712     0.42718701
      19100.000     -1.2450021     0.46798194
      19110.000     -1.2363668     0.46496075
      19120.000     -1.2456569     0.47863363
      19130.000     -1.2356524     0.45214088
      19140.000     -1.2492398     0.47479441
      19150.000     -1.2403295     0.46469243
      19160.000     -1.2261842     0.42895485
      19170.000     -1.2347580     0.45515206
      19180.000     -1.2345287     0.44149348
      19190.000     -1.2365320     0.45633820
      19200.000     -1.2310922     0.44624349
      19210.000     -1.2235086     0.42551458
      19220.000     -1.2303106     0.44187435
      19230.000     -1.2487379     0.47574285
      19240.000     -1.2373378     0.46281315
      19250.000     -1.2413792     0.45360935
      19260.000     -1.2400888     0.45459657
      19270.000     -1.2363212     0.44839543
      19280.000     -1.2253957     0.43134206
      19290.000     -1.2466708     0.46942665
      19300.000     -1.2442000     0.45815130
      19310.000     -1.2394956     0.45771699
      19320.000     -1.2368799     0.45403339
      19330.000     -1.2309643     0.44112442
      19340.000     -1.2512978     0.48411324
      19350.000     -1.2364119     0.45505271
      19360.000     -1.2348755     0.45495997
      19370.000     -1.2300124     0.43273206
      19380.000     -1.2418973     0.46931347
      19390.000     -1.2432769     0.46778056
      19400.000     -1.2260938     0.42690077
      19410.000     -1.2320309     0.43996728
      19420.000     -1.2328208     0.44906437
      19430.000     -1.2319671     0.44499048
      19440.000     -1.2484990     0.47328318
      19450.000     -1.2488566     0.47423830
      19460.000     -1.2350380     0.45020067
      19470.000     -1.2398557     0.45966153
      19480.000     -1.2370113     0.46119713
      19490.000     -1.2574125     0.48875423
      19500.000     -1.2472185     0.46892179
      19510.000     -1.2427160     0.47241363
      19520.000     -1.2364882     0.46196721
      19530.000     -1.2455847     0.47272888
      19540.000     -1.2256899     0.42818859
      19550.000     -1.2421478     0.46499182
      19560.000     -1.2299300     0.44273620
      19570.000     -1.2390894     0.46760347
      19580.000     -1.2486619     0.48266394
      19590.000     -1.2379546     0.45846376
      19600.000     -1.2311000     0.44354872
      19610.000     -1.2430510     0.46401708
      19620.000     -1.2340928     0.44219980
      19630.000     -1.2336898     0.44949567
      19640.000     -1.2442164     0.46970850
      19650.000     -1.2397771     0.46511832
      19660.000     -1.2296251     0.42750229
      19670.000     -1.2236309     0.42504779
      19680.000     -1.2398633     0.46058486
      19690.000     -1.2284104     0.43664398
      19700.000     -1.2428310     0.47174010
      19710.000     -1.2500218     0.48119077
      19720.000     -1.2376694     0.45219042
      19730.000     -1.2316057     0.44104663
      19740.000     -1.2489752     0.47627964
      19750.000     -1.2341109     0.44058608
      19760.000     -1.2247925     0.41903998
      19770.000     -1.2354871     0.45206323
      19780.000     -1.2301946     0.44563979
      19790.000     -1.2491248     0.46551945
      19800.000     -1.2340222     0.44835682
      19810.000     -1.2436179     0.47002322
      19820.000     -1.2344309     0.45296922
      19830.000     -1.2488497     0.48418003
      19840.000     -1.2369158     0.46035711
      19850.000     -1.2433330     0.47080605
      19860.000     -1.2230937     0.41971803
      19870.000     -1.2340196     0.44427554
      19880.000     -1.2374034     0.45680382
      19890.000     -1.2327310     0.44494771
      19900.000     -1.2389849     0.45824472
      19910.000     -1.2340447     0.44283476
      19920.000     -1.2354794     0.44887475
      19930.000     -1.2369599     0.45676217
      19940.000     -1.2387016     0.46011961
      19950.000     -1.2328982     0.44028070
      19960.000     -1.2456959     0.46837951
      19970.000     -1.2302959     0.44277792
      19980.000     -1.2414434     0.45820220
      19990.000     -1.2350245     0.44203327
      20000.000     -1.2457915     0.47070075
      20010.000     -1.2209585     0.42486407
      20020.000     -1.2307597     0.43442458
      20030.000     -1.2486835     0.48356266
      20040.000     -1.2269486     0.43531537
      20050.000     -1.2479805     0.47730374
      20060.000     -1.2319920     0.43464756
      20070.000     -1.2323767     0.44266218
      20080.000     -1.2357794     0.45569472
      20090.000     -1.2337556     0.44638527
      20100.000     -1.2401562     0.45760846
      20110.000     -1.2266987     0.42513277
      20120.000     -1.2454841     0.46991153
      20130.000     -1.2384660     0.45597491
      20140.000     -1.2307448     0.43744613
      20150.000     -1.2322878     0.44325533
      20160.000     -1.2290060     0.44465005
      20170.000     -1.2336425     0.45911527
      20180.000     -1.2433251     0.46701065
      20190.000     -1.2422214     0.46082442
      20200.000     -1.2401119     0.45532550
      20210.000     -1.2509485     0.48445695
      20220.000     -1.2376108     0.44972552
      20230.000     -1.2498443     0.48247603
      20240.000     -1.2276374     0.42570850
      20250.000     -1.2193111     0.42159062
      20260.000     -1.2441269     0.46518312
      20270.000     -1.2356764     0.45495461
      20280.000     -1.2408412     0.46305301
      20290.000     -1.2378970     0.45502686
      20300.000     -1.2312650     0.44810296
      20310.000     -1.2324589     0.43900074
      20320.000     -1.2385906     0.46354897
      20330.000     -1.2273074     0.43653296
      20340.000     -1.2337030     0.44771141
      20350.000     -1.2389174     0.45436781
      20360.000     -1.2375923     0.45830550
      20370.000     -1.2346799     0.45189813
      20380.000     -1.2315746     0.44115579
      20390.000     -1.2215910     0.42661942
      20400.000     -1.2334765     0.44506569
      20410.000     -1.2376311     0.45279226
      20420.000     -1.2322468     0.44194123
      20430.000     -1.2259422     0.42458321
      20440.000     -1.2440660     0.47168542
      20450.000     -1.2543491     0.48799340
      20460.000     -1.2382258     0.46550293
      20470.000     -1.2348075     0.45437665
      20480.000     -1.2496440     0.48549902
      20490.000     -1.2405256     0.46864031
      20500.000     -1.2367039     0.44656098
      20510.000     -1.2330853     0.44743052
      20520.000     -1.2409854     0.45632212
      20530.000     -1.2246181     0.43678324
      20540.000     -1.2207984     0.41811027
      20550.000     -1.2468895     0.47534745
      20560.000     -1.2245812     0.42299587
      20570.000     -1.2285314     0.43690642
      20580.000     -1.2328095     0.44428547
      20590.000     -1.2329976     0.44238125
      20600.000     -1.2355403     0.45743228
      20610.000     -1.2442460     0.47466497
      20620.000     -1.2424554     0.46367047
      20630.000     -1.2341590     0.45185507
      20640.000     -1.2373285     0.44935756
      20650.000     -1.2417075     0.46043002
      20660.000     -1.2356312     0.45845595
      20670.000     -1.2391771     0.45843324
      20680.000     -1.2341480     0.44974662
      20690.000     -1.2331068     0.44202030
      20700.000     -1.2391773     0.45761739
      20710.000     -1.2187460     0.42006712
      20720.000     -1.2390627     0.45908398
      20730.000     -1.2360560     0.45300748
      20740.000     -1.2480767     0.47499180
      20750.000     -1.2420472     0.46584169
      20760.000     -1.2467442     0.47381840
      20770.000     -1.2401748     0.46054309
      20780.000     -1.2401035     0.45751492
      20790.000     -1.2405503     0.46784536
      20800.000     -1.2300534     0.43969687
      20810.000     -1.2332643     0.44548294
      20820.000     -1.2337286     0.45499640
      20830.000     -1.2419458     0.45946759
      20840.000     -1.2275499     0.43290163
      20850.000     -1.2411535     0.46881391
      20860.000     -1.2465733     0.46513111
      20870.000     -1.2416881     0.46173095
      20880.000     -1.2325168     0.44268942
      20890.000     -1.2261029     0.42947319
      20900.000     -1.2342622     0.44715120
      20910.000     -1.2445227     0.46650765
      20920.000     -1.2385029     0.45450311
      20930.000     -1.2409584     0.46971500
      20940.000     -1.2472894     0.47129107
      20950.000     -1.2274654     0.43313795
      20960.000     -1.2317724     0.43459900
      20970.000     -1.2252475     0.41902647
      20980.000     -1.2417545     0.46830672
      20990.000     -1.2365055     0.45066151
      21000.000     -1.2375229     0.45736333
      21010.000     -1.2340333     0.44687339
      21020.000     -1.2323887     0.44607564
      21030.000     -1.2337532     0.45300024
      21040.000     -1.2403817     0.46350166
      21050.000     -1.2340532     0.45727055
      21060.000     -1.2366885     0.45214103
