      100.00000     -1.9985000     0.99960000
      200.00000     -1.9968500     0.99917500
      300.00000     -1.9979667     0.99948333
      400.00000     -1.9979250     0.99945000
      500.00000     -1.9975000     0.99936000
      600.00000     -1.9966167     0.99915000
      700.00000     -1.9974143     0.99933571
      800.00000     -1.9975250     0.99936250
      900.00000     -1.9974556     0.99934444
      1000.0000     -1.9974200     0.99935000
      1100.0000     -1.9964818     0.99910909
      1200.0000     -1.9967417     0.99917500
      1300.0000     -1.9972385     0.99928846
      1400.0000     -1.9974071     0.99933929
      1500.0000     -1.9970667     0.99925000
      1600.0000     -1.9975125     0.99936875
      1700.0000     -1.9973118     0.99931471
      1800.0000     -1.9970833     0.99925278
      1900.0000     -1.9973158     0.99931842
      2000.0000     -1.9967850     0.99918750
      2100.0000     -1.9970143     0.99924048
      2200.0000     -1.9970682     0.99925682
      2300.0000     -1.9971783     0.99927826
      2400.0000     -1.9972000     0.99929167
      2500.0000     -1.9971560     0.99927600
      2600.0000     -1.9971500     0.99927500
      2700.0000     -1.9970852     0.99925556
      2800.0000     -1.9972893     0.99931071
      2900.0000     -1.9974034     0.99933793
      3000.0000     -1.9972100     0.99929333
      3100.0000     -1.9970258     0.99922903
      3200.0000     -1.9971875     0.99928438
      3300.0000     -1.9971485     0.99927576
      3400.0000     -1.9972059     0.99929412
      3500.0000     -1.9967086     0.99915286
      3600.0000     -1.9971000     0.99925972
      3700.0000     -1.9971568     0.99928378
      3800.0000     -1.9971026     0.99926053
      3900.0000     -1.9971077     0.99926282
      4000.0000     -1.9972550     0.99930375
      4100.0000     -1.9971000     0.99925854
      4200.0000     -1.9971167     0.99926071
      4300.0000     -1.9973651     0.99933256
      4400.0000     -1.9969068     0.99920909
      4500.0000     -1.9974356     0.99934889
      4600.0000     -1.9972739     0.99930761
      4700.0000     -1.9972745     0.99930426
      4800.0000     -1.9971417     0.99927292
      4900.0000     -1.9974673     0.99935612
      5000.0000     -1.9971400     0.99926600
      5100.0000     -1.9974314     0.99934804
      5200.0000     -1.9972115     0.99929423
      5300.0000     -1.9972811     0.99930943
      5400.0000     -1.9969704     0.99923056
      5500.0000     -1.9970382     0.99924727
      5600.0000     -1.9971286     0.99926429
      5700.0000     -1.9973316     0.99932105
      5800.0000     -1.9973638     0.99932845
      5900.0000     -1.9967576     0.99917458
      6000.0000     -1.9970050     0.99923250
      6100.0000     -1.9972049     0.99928279
      6200.0000     -1.9973258     0.99931935
      6300.0000     -1.9970730     0.99925238
      6400.0000     -1.9969063     0.99921484
      6500.0000     -1.9971431     0.99926846
      6600.0000     -1.9970197     0.99923561
      6700.0000     -1.9968060     0.99917910
      6800.0000     -1.9970397     0.99924338
      6900.0000     -1.9971043     0.99926087
      7000.0000     -1.9970500     0.99924714
      7100.0000     -1.9972211     0.99929366
      7200.0000     -1.9972375     0.99928750
      7300.0000     -1.9972877     0.99930274
      7400.0000     -1.9969635     0.99922703
      7500.0000     -1.9972053     0.99928733
      7600.0000     -1.9973776     0.99933421
      7700.0000     -1.9972481     0.99930195
      7800.0000     -1.9972859     0.99930769
      7900.0000     -1.9971418     0.99927278
      8000.0000     -1.9973600     0.99932750
      8100.0000     -1.9973321     0.99932284
      8200.0000     -1.9972817     0.99930305
      8300.0000     -1.9973976     0.99933976
      8400.0000     -1.9973060     0.99931488
      8500.0000     -1.9971741     0.99927882
      8600.0000     -1.9970337     0.99924535
      8700.0000     -1.9970966     0.99926092
      8800.0000     -1.9971580     0.99927500
      8900.0000     -1.9971202     0.99926629
      9000.0000     -1.9971778     0.99927667
      9100.0000     -1.9972527     0.99930165
      9200.0000     -1.9972413     0.99929837
      9300.0000     -1.9973978     0.99934032
      9400.0000     -1.9972160     0.99929043
      9500.0000     -1.9970568     0.99925158
      9600.0000     -1.9973615     0.99932865
      9700.0000     -1.9971082     0.99925464
      9800.0000     -1.9973000     0.99931582
      9900.0000     -1.9971071     0.99926465
      10000.000     -1.9971890     0.99927450
      10100.000     -1.9972337     0.99929307
      10200.000     -1.9971990     0.99928725
      10300.000     -1.9973330     0.99932184
      10400.000     -1.9972038     0.99928558
      10500.000     -1.9970962     0.99925810
      10600.000     -1.9969415     0.99922075
      10700.000     -1.9971234     0.99926542
      10800.000     -1.9971630     0.99927546
      10900.000     -1.9972642     0.99930413
      11000.000     -1.9970382     0.99924182
      11100.000     -1.9971081     0.99925856
      11200.000     -1.9971187     0.99926652
      11300.000     -1.9973053     0.99931239
      11400.000     -1.9972175     0.99929211
      11500.000     -1.9971243     0.99926565
      11600.000     -1.9972078     0.99929052
      11700.000     -1.9969214     0.99921368
      11800.000     -1.9969915     0.99923644
      11900.000     -1.9971723     0.99927899
      12000.000     -1.9970833     0.99925792
      12100.000     -1.9971702     0.99927810
      12200.000     -1.9972279     0.99929344
      12300.000     -1.9972276     0.99929309
      12400.000     -1.9972597     0.99929798
      12500.000     -1.9970384     0.99924360
      12600.000     -1.9972103     0.99928333
      12700.000     -1.9971094     0.99926063
      12800.000     -1.9970164     0.99923984
      12900.000     -1.9971829     0.99928411
      13000.000     -1.9971408     0.99927231
      13100.000     -1.9971573     0.99927824
      13200.000     -1.9972856     0.99931136
      13300.000     -1.9973511     0.99932707
      13400.000     -1.9972261     0.99929216
      13500.000     -1.9970378     0.99924852
      13600.000     -1.9971456     0.99927206
      13700.000     -1.9972248     0.99929526
      13800.000     -1.9972261     0.99929275
      13900.000     -1.9971245     0.99926691
      14000.000     -1.9971893     0.99928607
      14100.000     -1.9973617     0.99932872
      14200.000     -1.9970345     0.99924507
      14300.000     -1.9972524     0.99929965
      14400.000     -1.9972826     0.99930799
      14500.000     -1.9971800     0.99928138
      14600.000     -1.9971568     0.99927568
      14700.000     -1.9971361     0.99926769
      14800.000     -1.9970736     0.99925372
      14900.000     -1.9971570     0.99927483
      15000.000     -1.9971513     0.99927567
      15100.000     -1.9971417     0.99927219
      15200.000     -1.9971566     0.99927401
      15300.000     -1.9971144     0.99926797
      15400.000     -1.9972584     0.99930357
      15500.000     -1.9971832     0.99928000
      15600.000     -1.9971647     0.99927660
      15700.000     -1.9970643     0.99925191
      15800.000     -1.9970987     0.99925886
      15900.000     -1.9970063     0.99923742
      16000.000     -1.9973181     0.99931531
      16100.000     -1.9972217     0.99929503
      16200.000     -1.9971975     0.99928488
      16300.000     -1.9970755     0.99925399
      16400.000     -1.9969854     0.99922896
      16500.000     -1.9971794     0.99928091
      16600.000     -1.9972090     0.99928886
      16700.000     -1.9971455     0.99927096
      16800.000     -1.9972274     0.99929256
      16900.000     -1.9969994     0.99922899
      17000.000     -1.9972212     0.99929059
      17100.000     -1.9970439     0.99924649
      17200.000     -1.9971337     0.99926948
      17300.000     -1.9972468     0.99929855
      17400.000     -1.9970902     0.99925603
      17500.000     -1.9972840     0.99931000
      17600.000     -1.9971267     0.99926534
      17700.000     -1.9971345     0.99926638
      17800.000     -1.9970607     0.99924831
      17900.000     -1.9970877     0.99925503
      18000.000     -1.9972489     0.99929778
      18100.000     -1.9971110     0.99926243
      18200.000     -1.9972176     0.99929231
      18300.000     -1.9971617     0.99927240
      18400.000     -1.9970082     0.99923505
      18500.000     -1.9971611     0.99927703
      18600.000     -1.9972204     0.99929194
      18700.000     -1.9972882     0.99931150
      18800.000     -1.9971798     0.99927793
      18900.000     -1.9971894     0.99928519
      19000.000     -1.9972437     0.99929816
      19100.000     -1.9971529     0.99927408
      19200.000     -1.9971740     0.99927865
      19300.000     -1.9971622     0.99927254
      19400.000     -1.9972768     0.99930309
      19500.000     -1.9972646     0.99930462
      19600.000     -1.9970112     0.99923776
      19700.000     -1.9971518     0.99927284
      19800.000     -1.9971187     0.99926692
      19900.000     -1.9973442     0.99932312
      20000.000     -1.9971995     0.99928325
      20100.000     -1.9970786     0.99925448
      20200.000     -1.9971564     0.99927772
      20300.000     -1.9970567     0.99924631
      20400.000     -1.9971961     0.99928554
      20500.000     -1.9971737     0.99927976
      20600.000     -1.9973160     0.99931626
      20700.000     -1.9971498     0.99927367
      20800.000     -1.9971798     0.99927981
      20900.000     -1.9972842     0.99930837
      21000.000     -1.9971762     0.99927929
      21100.000     -1.9971754     0.99928104
      21200.000     -1.9971137     0.99926226
      21300.000     -1.9971657     0.99927559
      21400.000     -1.9971388     0.99927033
      21500.000     -1.9972456     0.99930047
      21600.000     -1.9970185     0.99923843
      21700.000     -1.9971083     0.99926382
      21800.000     -1.9973101     0.99931376
      21900.000     -1.9970890     0.99925708
      22000.000     -1.9971700     0.99928045
      22100.000     -1.9970774     0.99925385
      22200.000     -1.9971878     0.99928626
      22300.000     -1.9971650     0.99927578
      22400.000     -1.9972272     0.99929219
      22500.000     -1.9972111     0.99929000
      22600.000     -1.9972416     0.99929469
      22700.000     -1.9969934     0.99922907
      22800.000     -1.9970772     0.99925395
      22900.000     -1.9972904     0.99930961
      23000.000     -1.9971587     0.99927543
      23100.000     -1.9971463     0.99927273
      23200.000     -1.9971690     0.99927909
      23300.000     -1.9970562     0.99924592
      23400.000     -1.9972184     0.99929060
      23500.000     -1.9973247     0.99931872
      23600.000     -1.9972525     0.99930233
      23700.000     -1.9971245     0.99926709
      23800.000     -1.9971437     0.99926912
      23900.000     -1.9971377     0.99927155
      24000.000     -1.9971667     0.99927333
      24100.000     -1.9971311     0.99927178
      24200.000     -1.9970988     0.99925847
      24300.000     -1.9970798     0.99925741
      24400.000     -1.9970422     0.99924816
      24500.000     -1.9971473     0.99927429
      24600.000     -1.9970268     0.99924207
      24700.000     -1.9972158     0.99929150
      24800.000     -1.9971306     0.99926915
      24900.000     -1.9971594     0.99927691
      25000.000     -1.9970964     0.99925900
