0.000999001 0.00894125 -0.00393994
0.001998 0.0177837 -0.00795157
0.002997 0.0265283 -0.0120369
0.003996 0.0351761 -0.0161979
0.004995 0.0437279 -0.0204369
0.00599401 0.0521848 -0.0247559
0.00699301 0.0605478 -0.0291575
0.00799201 0.0688177 -0.0336439
0.00899101 0.0769954 -0.0382177
0.00999001 0.0850819 -0.0428817
0.010989 0.0930781 -0.0476385
0.011988 0.100985 -0.052491
0.012987 0.108803 -0.0574424
0.013986 0.116534 -0.0624956
0.014985 0.124178 -0.0676542
0.015984 0.131736 -0.0729215
0.016983 0.139208 -0.0783012
0.017982 0.146597 -0.0837972
0.018981 0.153902 -0.0894135
0.01998 0.161125 -0.0951543
0.020979 0.168266 -0.101024
0.021978 0.175326 -0.107028
0.022977 0.182306 -0.11317
0.023976 0.189207 -0.119456
0.024975 0.196029 -0.125891
0.025974 0.202774 -0.132482
0.026973 0.209441 -0.139234
0.027972 0.216032 -0.146155
0.028971 0.222548 -0.15325
0.02997 0.228989 -0.160528
0.030969 0.235356 -0.167996
0.031968 0.24165 -0.175663
0.032967 0.247872 -0.183538
0.033966 0.254021 -0.19163
0.034965 0.2601 -0.19995
0.035964 0.266108 -0.208508
0.036963 0.272047 -0.217316
0.037962 0.277916 -0.226387
0.038961 0.283718 -0.235735
0.03996 0.289451 -0.245374
0.040959 0.295118 -0.255321
0.041958 0.300719 -0.265592
0.042957 0.306254 -0.276206
0.043956 0.311724 -0.287183
0.044955 0.317129 -0.298547
0.045954 0.322472 -0.31032
0.046953 0.327751 -0.322531
0.047952 0.332967 -0.335208
0.048951 0.338122 -0.348383
0.04995 0.343216 -0.362092
0.0509491 0.348249 -0.376377
0.0519481 0.353222 -0.391279
0.0529471 0.358136 -0.406851
0.0539461 0.362991 -0.423147
0.0549451 0.367787 -0.440232
0.0559441 0.372527 -0.458177
0.0569431 0.377209 -0.477065
0.0579421 0.381835 -0.49699
0.0589411 0.386404 -0.518063
0.0599401 0.390919 -0.540412
0.0609391 0.395378 -0.564187
0.0619381 0.399784 -0.589569
0.0629371 0.404135 -0.616772
0.0639361 0.408434 -0.64606
0.0649351 0.41268 -0.677754
0.0659341 0.416873 -0.712258
0.0669331 0.421015 -0.750089
0.0679321 0.425106 -0.791916
0.0689311 0.429147 -0.838636
0.0699301 0.433137 -0.891486
0.0709291 0.437077 -0.952241
0.0719281 0.440969 -1.02358
0.0729271 0.444812 -1.10981
0.0739261 0.448607 -1.2186
0.0749251 0.452354 -1.36562
0.0759241 0.456054 -1.59213
0.0769231 0.459707 -2.10178
0.0779221 0.463314 -2.00383
0.0789211 0.466876 -1.55452
0.0799201 0.470391 -1.33695
0.0809191 0.473862 -1.19159
0.0819181 0.477289 -1.08203
0.0829171 0.480672 -0.993918
0.0839161 0.484011 -0.920109
0.0849151 0.487307 -0.856524
0.0859141 0.49056 -0.800613
0.0869131 0.493771 -0.750674
0.0879121 0.49694 -0.705515
0.0889111 0.500068 -0.66427
0.0899101 0.503154 -0.626287
0.0909091 0.506201 -0.591066
0.0919081 0.509206 -0.558211
0.0929071 0.512172 -0.52741
0.0939061 0.515099 -0.498404
0.0949051 0.517987 -0.470983
0.0959041 0.520836 -0.444972
0.0969031 0.523646 -0.420221
0.0979021 0.526419 -0.396604
0.0989011 0.529155 -0.374015
0.0999001 0.531853 -0.352358
0.100899 0.534514 -0.331554
0.101898 0.537139 -0.31153
0.102897 0.539729 -0.292225
0.103896 0.542282 -0.273583
0.104895 0.5448 -0.255554
0.105894 0.547283 -0.238096
0.106893 0.549732 -0.221167
0.107892 0.552146 -0.204734
0.108891 0.554526 -0.188764
0.10989 0.556873 -0.173228
0.110889 0.559187 -0.158099
0.111888 0.561467 -0.143353
0.112887 0.563715 -0.128969
0.113886 0.565931 -0.114926
0.114885 0.568115 -0.101206
0.115884 0.570267 -0.087791
0.116883 0.572388 -0.074666
0.117882 0.574477 -0.0618162
0.118881 0.576536 -0.049228
0.11988 0.578565 -0.0368889
0.120879 0.580564 -0.0247873
0.121878 0.582532 -0.0129122
0.122877 0.584472 -0.00125344
0.123876 0.586382 0.0101984
0.124875 0.588263 0.0214524
0.125874 0.590115 0.0325167
0.126873 0.59194 0.0433992
0.127872 0.593736 0.0541072
0.128871 0.595504 0.0646478
0.12987 0.597245 0.0750273
0.130869 0.598958 0.0852521
0.131868 0.600645 0.0953278
0.132867 0.602305 0.10526
0.133866 0.603938 0.115054
0.134865 0.605546 0.124714
0.135864 0.607127 0.134246
0.136863 0.608683 0.143654
0.137862 0.610213 0.152941
0.138861 0.611719 0.162113
0.13986 0.613199 0.171172
0.140859 0.614655 0.180123
0.141858 0.616086 0.188968
0.142857 0.617493 0.197712
0.143856 0.618876 0.206357
0.144855 0.620236 0.214906
0.145854 0.621572 0.223363
0.146853 0.622885 0.231729
0.147852 0.624175 0.240008
0.148851 0.625442 0.248203
0.14985 0.626687 0.256314
0.150849 0.627909 0.264346
0.151848 0.629109 0.2723
0.152847 0.630288 0.280178
0.153846 0.631444 0.287982
0.154845 0.63258 0.295715
0.155844 0.633694 0.303377
0.156843 0.634787 0.310972
0.157842 0.635859 0.3185
0.158841 0.636911 0.325964
0.15984 0.637942 0.333364
0.160839 0.638953 0.340704
0.161838 0.639945 0.347983
0.162837 0.640916 0.355204
0.163836 0.641868 0.362368
0.164835 0.6428 0.369477
0.165834 0.643713 0.376531
0.166833 0.644608 0.383531
0.167832 0.645483 0.390481
0.168831 0.64634 0.397379
0.16983 0.647178 0.404228
0.170829 0.647998 0.411028
0.171828 0.6488 0.417781
0.172827 0.649584 0.424488
0.173826 0.650351 0.43115
0.174825 0.651099 0.437767
0.175824 0.651831 0.444341
0.176823 0.652545 0.450872
0.177822 0.653242 0.457362
0.178821 0.653923 0.463811
0.17982 0.654586 0.47022
0.180819 0.655233 0.47659
0.181818 0.655864 0.482922
0.182817 0.656479 0.489217
0.183816 0.657077 0.495474
0.184815 0.65766 0.501696
0.185814 0.658227 0.507882
0.186813 0.658778 0.514034
0.187812 0.659314 0.520152
0.188811 0.659835 0.526236
0.18981 0.66034 0.532288
0.190809 0.660831 0.538307
0.191808 0.661307 0.544296
0.192807 0.661768 0.550253
0.193806 0.662214 0.55618
0.194805 0.662647 0.562077
0.195804 0.663065 0.567944
0.196803 0.663469 0.573784
0.197802 0.663859 0.579594
0.198801 0.664235 0.585378
0.1998 0.664597 0.591133
0.200799 0.664946 0.596862
0.201798 0.665282 0.602565
0.202797 0.665604 0.608242
0.203796 0.665914 0.613894
0.204795 0.66621 0.61952
0.205794 0.666493 0.625122
0.206793 0.666764 0.6307
0.207792 0.667022 0.636254
0.208791 0.667267 0.641785
0.20979 0.6675 0.647292
0.210789 0.667721 0.652777
0.211788 0.66793 0.65824
0.212787 0.668126 0.663681
0.213786 0.668311 0.6691
0.214785 0.668484 0.674499
0.215784 0.668646 0.679876
0.216783 0.668796 0.685232
0.217782 0.668934 0.690569
0.218781 0.669061 0.695885
0.21978 0.669177 0.701182
0.220779 0.669282 0.70646
0.221778 0.669376 0.711718
0.222777 0.669459 0.716958
0.223776 0.669531 0.722179
0.224775 0.669593 0.727382
0.225774 0.669644 0.732567
0.226773 0.669685 0.737735
0.227772 0.669715 0.742885
0.228771 0.669735 0.748018
0.22977 0.669745 0.753134
0.230769 0.669745 0.758233
0.231768 0.669735 0.763316
0.232767 0.669715 0.768383
0.233766 0.669686 0.773433
0.234765 0.669647 0.778468
0.235764 0.669598 0.783488
0.236763 0.66954 0.788492
0.237762 0.669472 0.79348
0.238761 0.669395 0.798455
0.23976 0.669309 0.803414
0.240759 0.669214 0.808359
0.241758 0.66911 0.813289
0.242757 0.668997 0.818206
0.243756 0.668876 0.823108
0.244755 0.668745 0.827997
0.245754 0.668606 0.832872
0.246753 0.668459 0.837733
0.247752 0.668302 0.842582
0.248751 0.668138 0.847417
0.24975 0.667965 0.85224
0.250749 0.667784 0.85705
0.251748 0.667595 0.861847
0.252747 0.667398 0.866632
0.253746 0.667193 0.871405
0.254745 0.66698 0.876165
0.255744 0.666759 0.880914
0.256743 0.666531 0.885651
0.257742 0.666294 0.890376
0.258741 0.666051 0.89509
0.25974 0.665799 0.899792
0.260739 0.665541 0.904483
0.261738 0.665274 0.909163
0.262737 0.665001 0.913832
0.263736 0.66472 0.91849
0.264735 0.664433 0.923138
0.265734 0.664138 0.927775
0.266733 0.663836 0.932401
0.267732 0.663527 0.937017
0.268731 0.663212 0.941623
0.26973 0.662889 0.946219
0.270729 0.66256 0.950805
0.271728 0.662225 0.955381
0.272727 0.661882 0.959948
0.273726 0.661533 0.964504
0.274725 0.661178 0.969051
0.275724 0.660816 0.973589
0.276723 0.660448 0.978118
0.277722 0.660074 0.982637
0.278721 0.659693 0.987147
0.27972 0.659307 0.991648
0.280719 0.658914 0.99614
0.281718 0.658515 1.00062
0.282717 0.65811 1.0051
0.283716 0.657699 1.00956
0.284715 0.657283 1.01402
0.285714 0.656861 1.01847
0.286713 0.656433 1.02291
0.287712 0.655999 1.02734
0.288711 0.655559 1.03177
0.28971 0.655115 1.03618
0.290709 0.654664 1.04059
0.291708 0.654208 1.04499
0.292707 0.653747 1.04939
0.293706 0.65328 1.05377
0.294705 0.652808 1.05815
0.295704 0.652331 1.06252
0.296703 0.651849 1.06688
0.297702 0.651362 1.07123
0.298701 0.650869 1.07558
0.2997 0.650371 1.07992
0.300699 0.649869 1.08425
0.301698 0.649361 1.08858
0.302697 0.648849 1.0929
0.303696 0.648332 1.09721
0.304695 0.64781 1.10151
0.305694 0.647283 1.10581
0.306693 0.646751 1.1101
0.307692 0.646215 1.11438
0.308691 0.645675 1.11866
0.30969 0.645129 1.12293
0.310689 0.64458 1.12719
0.311688 0.644025 1.13145
0.312687 0.643467 1.1357
0.313686 0.642904 1.13995
0.314685 0.642336 1.14419
0.315684 0.641765 1.14842
0.316683 0.641189 1.15264
0.317682 0.640609 1.15686
0.318681 0.640025 1.16108
0.31968 0.639436 1.16529
0.320679 0.638844 1.16949
0.321678 0.638247 1.17368
0.322677 0.637647 1.17787
0.323676 0.637042 1.18206
0.324675 0.636434 1.18623
0.325674 0.635822 1.19041
0.326673 0.635205 1.19457
0.327672 0.634586 1.19873
0.328671 0.633962 1.20289
0.32967 0.633334 1.20704
0.330669 0.632703 1.21118
0.331668 0.632069 1.21532
0.332667 0.63143 1.21946
0.333666 0.630788 1.22359
0.334665 0.630143 1.22771
0.335664 0.629494 1.23183
0.336663 0.628841 1.23594
0.337662 0.628185 1.24005
0.338661 0.627526 1.24415
0.33966 0.626863 1.24825
0.340659 0.626197 1.25234
0.341658 0.625528 1.25642
0.342657 0.624855 1.26051
0.343656 0.624179 1.26458
0.344655 0.6235 1.26866
0.345654 0.622818 1.27272
0.346653 0.622132 1.27679
0.347652 0.621444 1.28084
0.348651 0.620752 1.2849
0.34965 0.620057 1.28894
0.350649 0.619359 1.29299
0.351648 0.618659 1.29703
0.352647 0.617955 1.30106
0.353646 0.617248 1.30509
0.354645 0.616539 1.30912
0.355644 0.615827 1.31314
0.356643 0.615111 1.31715
0.357642 0.614393 1.32116
0.358641 0.613672 1.32517
0.35964 0.612949 1.32917
0.360639 0.612222 1.33317
0.361638 0.611493 1.33717
0.362637 0.610762 1.34116
0.363636 0.610027 1.34514
0.364635 0.60929 1.34912
0.365634 0.60855 1.3531
0.366633 0.607808 1.35707
0.367632 0.607063 1.36104
0.368631 0.606316 1.36501
0.36963 0.605566 1.36897
0.370629 0.604814 1.37292
0.371628 0.604059 1.37688
0.372627 0.603302 1.38083
0.373626 0.602543 1.38477
0.374625 0.601781 1.38871
0.375624 0.601016 1.39265
0.376623 0.60025 1.39658
0.377622 0.599481 1.40051
0.378621 0.59871 1.40443
0.37962 0.597936 1.40835
0.380619 0.59716 1.41227
0.381618 0.596382 1.41619
0.382617 0.595602 1.42009
0.383616 0.59482 1.424
0.384615 0.594035 1.4279
0.385614 0.593249 1.4318
0.386613 0.59246 1.4357
0.387612 0.591669 1.43959
0.388611 0.590876 1.44347
0.38961 0.590081 1.44736
0.390609 0.589285 1.45124
0.391608 0.588486 1.45511
0.392607 0.587685 1.45899
0.393606 0.586882 1.46286
0.394605 0.586077 1.46672
0.395604 0.58527 1.47058
0.396603 0.584461 1.47444
0.397602 0.583651 1.4783
0.398601 0.582838 1.48215
0.3996 0.582024 1.486
0.400599 0.581208 1.48984
0.401598 0.58039 1.49368
0.402597 0.57957 1.49752
0.403596 0.578748 1.50136
0.404595 0.577925 1.50519
0.405594 0.5771 1.50902
0.406593 0.576273 1.51284
0.407592 0.575445 1.51666
0.408591 0.574615 1.52048
0.40959 0.573783 1.52429
0.410589 0.572949 1.52811
0.411588 0.572114 1.53191
0.412587 0.571277 1.53572
0.413586 0.570439 1.53952
0.414585 0.569599 1.54332
0.415584 0.568757 1.54711
0.416583 0.567914 1.55091
0.417582 0.567069 1.5547
0.418581 0.566223 1.55848
0.41958 0.565375 1.56226
0.420579 0.564526 1.56604
0.421578 0.563675 1.56982
0.422577 0.562823 1.57359
0.423576 0.561969 1.57736
0.424575 0.561114 1.58113
0.425574 0.560258 1.58489
0.426573 0.5594 1.58865
0.427572 0.55854 1.59241
0.428571 0.55768 1.59616
0.42957 0.556817 1.59992
0.430569 0.555954 1.60366
0.431568 0.555089 1.60741
0.432567 0.554223 1.61115
0.433566 0.553355 1.61489
0.434565 0.552487 1.61863
0.435564 0.551617 1.62236
0.436563 0.550745 1.62609
0.437562 0.549873 1.62982
0.438561 0.548999 1.63354
0.43956 0.548124 1.63726
0.440559 0.547247 1.64098
0.441558 0.54637 1.6447
0.442557 0.545491 1.64841
0.443556 0.544611 1.65212
0.444555 0.54373 1.65583
0.445554 0.542847 1.65953
0.446553 0.541964 1.66323
0.447552 0.541079 1.66693
0.448551 0.540193 1.67063
0.44955 0.539306 1.67432
0.450549 0.538418 1.67801
0.451548 0.537529 1.68169
0.452547 0.536639 1.68538
0.453546 0.535748 1.68906
0.454545 0.534855 1.69274
0.455544 0.533962 1.69641
0.456543 0.533067 1.70008
0.457542 0.532172 1.70375
0.458541 0.531275 1.70742
0.45954 0.530378 1.71108
0.460539 0.529479 1.71474
0.461538 0.52858 1.7184
0.462537 0.527679 1.72206
0.463536 0.526778 1.72571
0.464535 0.525875 1.72936
0.465534 0.524972 1.733
0.466533 0.524067 1.73665
0.467532 0.523162 1.74029
0.468531 0.522256 1.74393
0.46953 0.521348 1.74756
0.470529 0.52044 1.7512
0.471528 0.519531 1.75483
0.472527 0.518621 1.75845
0.473526 0.517711 1.76208
0.474525 0.516799 1.7657
0.475524 0.515886 1.76932
0.476523 0.514973 1.77293
0.477522 0.514059 1.77655
0.478521 0.513144 1.78016
0.47952 0.512228 1.78377
0.480519 0.511311 1.78737
0.481518 0.510393 1.79097
0.482517 0.509475 1.79457
0.483516 0.508556 1.79817
0.484515 0.507636 1.80176
0.485514 0.506715 1.80535
0.486513 0.505794 1.80894
0.487512 0.504871 1.81253
0.488511 0.503948 1.81611
0.48951 0.503024 1.81969
0.490509 0.5021 1.82327
0.491508 0.501175 1.82684
0.492507 0.500249 1.83041
0.493506 0.499322 1.83398
0.494505 0.498394 1.83755
0.495504 0.497466 1.84111
0.496503 0.496537 1.84467
0.497502 0.495608 1.84823
0.498501 0.494677 1.85179
0.4995 0.493746 1.85534
0.5005 0.492815 1.85889
0.501499 0.491882 1.86243
0.502498 0.490949 1.86598
0.503497 0.490016 1.86952
0.504496 0.489082 1.87306
0.505495 0.488147 1.87659
0.506494 0.487211 1.88013
0.507493 0.486275 1.88366
0.508492 0.485338 1.88718
0.509491 0.484401 1.89071
0.51049 0.483463 1.89423
0.511489 0.482524 1.89775
0.512488 0.481585 1.90126
0.513487 0.480645 1.90478
0.514486 0.479705 1.90829
0.515485 0.478764 1.9118
0.516484 0.477822 1.9153
0.517483 0.47688 1.9188
0.518482 0.475937 1.9223
0.519481 0.474994 1.9258
0.52048 0.47405 1.92929
0.521479 0.473106 1.93278
0.522478 0.472161 1.93627
0.523477 0.471215 1.93976
0.524476 0.470269 1.94324
0.525475 0.469323 1.94672
0.526474 0.468376 1.95019
0.527473 0.467428 1.95367
0.528472 0.46648 1.95714
0.529471 0.465532 1.96061
0.53047 0.464582 1.96407
0.531469 0.463633 1.96753
0.532468 0.462683 1.97099
0.533467 0.461732 1.97445
0.534466 0.460781 1.9779
0.535465 0.45983 1.98135
0.536464 0.458878 1.9848
0.537463 0.457925 1.98824
0.538462 0.456973 1.99169
0.539461 0.456019 1.99512
0.54046 0.455065 1.99856
0.541459 0.454111 2.00199
0.542458 0.453156 2.00542
0.543457 0.452201 2.00885
0.544456 0.451246 2.01227
0.545455 0.45029 2.01569
0.546454 0.449333 2.01911
0.547453 0.448376 2.02253
0.548452 0.447419 2.02594
0.549451 0.446461 2.02935
0.55045 0.445503 2.03275
0.551449 0.444545 2.03616
0.552448 0.443586 2.03956
0.553447 0.442627 2.04295
0.554446 0.441667 2.04635
0.555445 0.440707 2.04974
0.556444 0.439746 2.05313
0.557443 0.438785 2.05651
0.558442 0.437824 2.05989
0.559441 0.436863 2.06327
0.56044 0.435901 2.06665
0.561439 0.434938 2.07002
0.562438 0.433976 2.07339
0.563437 0.433012 2.07675
0.564436 0.432049 2.08011
0.565435 0.431085 2.08347
0.566434 0.430121 2.08683
0.567433 0.429157 2.09018
0.568432 0.428192 2.09353
0.569431 0.427227 2.09688
0.57043 0.426261 2.10022
0.571429 0.425295 2.10356
0.572428 0.424329 2.1069
0.573427 0.423363 2.11023
0.574426 0.422396 2.11356
0.575425 0.421429 2.11689
0.576424 0.420461 2.12021
0.577423 0.419494 2.12353
0.578422 0.418525 2.12685
0.579421 0.417557 2.13017
0.58042 0.416588 2.13348
0.581419 0.415619 2.13678
0.582418 0.41465 2.14009
0.583417 0.413681 2.14339
0.584416 0.412711 2.14668
0.585415 0.411741 2.14998
0.586414 0.41077 2.15327
0.587413 0.409799 2.15655
0.588412 0.408828 2.15984
0.589411 0.407857 2.16312
0.59041 0.406886 2.16639
0.591409 0.405914 2.16966
0.592408 0.404942 2.17293
0.593407 0.403969 2.1762
0.594406 0.402997 2.17946
0.595405 0.402024 2.18272
0.596404 0.401051 2.18597
0.597403 0.400077 2.18922
0.598402 0.399104 2.19247
0.599401 0.39813 2.19572
0.6004 0.397155 2.19896
0.601399 0.396181 2.20219
0.602398 0.395206 2.20543
0.603397 0.394232 2.20865
0.604396 0.393256 2.21188
0.605395 0.392281 2.2151
0.606394 0.391305 2.21832
0.607393 0.39033 2.22153
0.608392 0.389354 2.22474
0.609391 0.388377 2.22795
0.61039 0.387401 2.23115
0.611389 0.386424 2.23435
0.612388 0.385447 2.23755
0.613387 0.38447 2.24074
0.614386 0.383492 2.24392
0.615385 0.382515 2.24711
0.616384 0.381537 2.25029
0.617383 0.380559 2.25346
0.618382 0.379581 2.25663
0.619381 0.378602 2.2598
0.62038 0.377624 2.26296
0.621379 0.376645 2.26612
0.622378 0.375666 2.26927
0.623377 0.374687 2.27243
0.624376 0.373707 2.27557
0.625375 0.372727 2.27871
0.626374 0.371748 2.28185
0.627373 0.370768 2.28499
0.628372 0.369787 2.28812
0.629371 0.368807 2.29124
0.63037 0.367826 2.29436
0.631369 0.366846 2.29748
0.632368 0.365865 2.30059
0.633367 0.364884 2.3037
0.634366 0.363902 2.3068
0.635365 0.362921 2.3099
0.636364 0.361939 2.313
0.637363 0.360957 2.31609
0.638362 0.359975 2.31918
0.639361 0.358993 2.32226
0.64036 0.358011 2.32533
0.641359 0.357028 2.32841
0.642358 0.356046 2.33147
0.643357 0.355063 2.33454
0.644356 0.35408 2.3376
0.645355 0.353097 2.34065
0.646354 0.352113 2.3437
0.647353 0.35113 2.34674
0.648352 0.350146 2.34978
0.649351 0.349163 2.35282
0.65035 0.348179 2.35585
0.651349 0.347195 2.35887
0.652348 0.346211 2.3619
0.653347 0.345226 2.36491
0.654346 0.344242 2.36792
0.655345 0.343257 2.37093
0.656344 0.342272 2.37393
0.657343 0.341287 2.37692
0.658342 0.340302 2.37991
0.659341 0.339317 2.3829
0.66034 0.338332 2.38588
0.661339 0.337346 2.38886
0.662338 0.336361 2.39183
0.663337 0.335375 2.39479
0.664336 0.334389 2.39775
0.665335 0.333403 2.4007
0.666334 0.332417 2.40365
0.667333 0.331431 2.4066
0.668332 0.330444 2.40953
0.669331 0.329458 2.41247
0.67033 0.328471 2.4154
0.671329 0.327484 2.41832
0.672328 0.326498 2.42123
0.673327 0.325511 2.42414
0.674326 0.324523 2.42705
0.675325 0.323536 2.42995
0.676324 0.322549 2.43284
0.677323 0.321561 2.43573
0.678322 0.320574 2.43861
0.679321 0.319586 2.44149
0.68032 0.318598 2.44436
0.681319 0.31761 2.44722
0.682318 0.316622 2.45008
0.683317 0.315634 2.45294
0.684316 0.314646 2.45578
0.685315 0.313658 2.45862
0.686314 0.312669 2.46146
0.687313 0.311681 2.46429
0.688312 0.310692 2.46711
0.689311 0.309703 2.46992
0.69031 0.308714 2.47273
0.691309 0.307725 2.47554
0.692308 0.306736 2.47833
0.693307 0.305747 2.48112
0.694306 0.304758 2.48391
0.695305 0.303769 2.48669
0.696304 0.302779 2.48946
0.697303 0.30179 2.49222
0.698302 0.3008 2.49498
0.699301 0.29981 2.49773
0.7003 0.29882 2.50048
0.701299 0.297831 2.50321
0.702298 0.296841 2.50594
0.703297 0.29585 2.50867
0.704296 0.29486 2.51139
0.705295 0.29387 2.5141
0.706294 0.29288 2.5168
0.707293 0.291889 2.51949
0.708292 0.290899 2.52218
0.709291 0.289908 2.52486
0.71029 0.288917 2.52754
0.711289 0.287927 2.53021
0.712288 0.286936 2.53286
0.713287 0.285945 2.53552
0.714286 0.284954 2.53816
0.715285 0.283963 2.5408
0.716284 0.282972 2.54343
0.717283 0.28198 2.54605
0.718282 0.280989 2.54866
0.719281 0.279998 2.55127
0.72028 0.279006 2.55387
0.721279 0.278015 2.55646
0.722278 0.277023 2.55904
0.723277 0.276031 2.56162
0.724276 0.27504 2.56418
0.725275 0.274048 2.56674
0.726274 0.273056 2.56929
0.727273 0.272064 2.57183
0.728272 0.271072 2.57437
0.729271 0.27008 2.57689
0.73027 0.269087 2.57941
0.731269 0.268095 2.58192
0.732268 0.267103 2.58442
0.733267 0.266111 2.58691
0.734266 0.265118 2.58939
0.735265 0.264126 2.59186
0.736264 0.263133 2.59433
0.737263 0.26214 2.59678
0.738262 0.261148 2.59923
0.739261 0.260155 2.60167
0.74026 0.259162 2.6041
0.741259 0.258169 2.60651
0.742258 0.257176 2.60892
0.743257 0.256183 2.61132
0.744256 0.25519 2.61371
0.745255 0.254197 2.6161
0.746254 0.253204 2.61847
0.747253 0.252211 2.62083
0.748252 0.251217 2.62318
0.749251 0.250224 2.62552
0.75025 0.249231 2.62786
0.751249 0.248237 2.63018
0.752248 0.247244 2.63249
0.753247 0.24625 2.63479
0.754246 0.245256 2.63708
0.755245 0.244263 2.63936
0.756244 0.243269 2.64163
0.757243 0.242275 2.64389
0.758242 0.241281 2.64614
0.759241 0.240287 2.64838
0.76024 0.239294 2.65061
0.761239 0.2383 2.65283
0.762238 0.237305 2.65503
0.763237 0.236311 2.65723
0.764236 0.235317 2.65941
0.765235 0.234323 2.66158
0.766234 0.233329 2.66374
0.767233 0.232335 2.66589
0.768232 0.23134 2.66803
0.769231 0.230346 2.67015
0.77023 0.229352 2.67227
0.771229 0.228357 2.67437
0.772228 0.227363 2.67646
0.773227 0.226368 2.67854
0.774226 0.225373 2.6806
0.775225 0.224379 2.68266
0.776224 0.223384 2.6847
0.777223 0.222389 2.68672
0.778222 0.221395 2.68874
0.779221 0.2204 2.69074
0.78022 0.219405 2.69273
0.781219 0.21841 2.69471
0.782218 0.217415 2.69667
0.783217 0.21642 2.69862
0.784216 0.215425 2.70056
0.785215 0.21443 2.70248
0.786214 0.213435 2.70439
0.787213 0.21244 2.70629
0.788212 0.211445 2.70817
0.789211 0.21045 2.71004
0.79021 0.209454 2.71189
0.791209 0.208459 2.71373
0.792208 0.207464 2.71555
0.793207 0.206468 2.71736
0.794206 0.205473 2.71916
0.795205 0.204478 2.72094
0.796204 0.203482 2.72271
0.797203 0.202487 2.72446
0.798202 0.201491 2.72619
0.799201 0.200496 2.72791
0.8002 0.1995 2.72962
0.801199 0.198504 2.73131
0.802198 0.197509 2.73298
0.803197 0.196513 2.73464
0.804196 0.195517 2.73628
0.805195 0.194522 2.7379
0.806194 0.193526 2.73951
0.807193 0.19253 2.7411
0.808192 0.191534 2.74267
0.809191 0.190538 2.74423
0.81019 0.189542 2.74577
0.811189 0.188546 2.7473
0.812188 0.187551 2.7488
0.813187 0.186555 2.75029
0.814186 0.185559 2.75176
0.815185 0.184562 2.75321
0.816184 0.183566 2.75465
0.817183 0.18257 2.75606
0.818182 0.181574 2.75746
0.819181 0.180578 2.75884
0.82018 0.179582 2.7602
0.821179 0.178586 2.76154
0.822178 0.177589 2.76286
0.823177 0.176593 2.76416
0.824176 0.175597 2.76544
0.825175 0.1746 2.7667
0.826174 0.173604 2.76794
0.827173 0.172608 2.76916
0.828172 0.171611 2.77036
0.829171 0.170615 2.77154
0.83017 0.169618 2.7727
0.831169 0.168622 2.77384
0.832168 0.167625 2.77495
0.833167 0.166629 2.77605
0.834166 0.165632 2.77712
0.835165 0.164636 2.77817
0.836164 0.163639 2.7792
0.837163 0.162642 2.7802
0.838162 0.161646 2.78119
0.839161 0.160649 2.78215
0.84016 0.159652 2.78308
0.841159 0.158656 2.78399
0.842158 0.157659 2.78488
0.843157 0.156662 2.78574
0.844156 0.155665 2.78658
0.845155 0.154669 2.7874
0.846154 0.153672 2.78819
0.847153 0.152675 2.78895
0.848152 0.151678 2.78969
0.849151 0.150681 2.7904
0.85015 0.149684 2.79109
0.851149 0.148687 2.79175
0.852148 0.14769 2.79238
0.853147 0.146693 2.79299
0.854146 0.145697 2.79357
0.855145 0.1447 2.79412
0.856144 0.143702 2.79464
0.857143 0.142705 2.79513
0.858142 0.141708 2.7956
0.859141 0.140711 2.79603
0.86014 0.139714 2.79644
0.861139 0.138717 2.79682
0.862138 0.13772 2.79716
0.863137 0.136723 2.79748
0.864136 0.135726 2.79776
0.865135 0.134728 2.79801
0.866134 0.133731 2.79823
0.867133 0.132734 2.79842
0.868132 0.131737 2.79858
0.869131 0.130739 2.7987
0.87013 0.129742 2.79879
0.871129 0.128745 2.79885
0.872128 0.127748 2.79887
0.873127 0.12675 2.79885
0.874126 0.125753 2.7988
0.875125 0.124756 2.79872
0.876124 0.123758 2.7986
0.877123 0.122761 2.79844
0.878122 0.121763 2.79824
0.879121 0.120766 2.79801
0.88012 0.119769 2.79773
0.881119 0.118771 2.79742
0.882118 0.117774 2.79707
0.883117 0.116776 2.79668
0.884116 0.115779 2.79625
0.885115 0.114781 2.79577
0.886114 0.113784 2.79526
0.887113 0.112786 2.7947
0.888112 0.111789 2.7941
0.889111 0.110791 2.79345
0.89011 0.109793 2.79276
0.891109 0.108796 2.79203
0.892108 0.107798 2.79125
0.893107 0.106801 2.79042
0.894106 0.105803 2.78954
0.895105 0.104805 2.78862
0.896104 0.103808 2.78765
0.897103 0.10281 2.78662
0.898102 0.101812 2.78555
0.899101 0.100815 2.78442
0.9001 0.0998168 2.78325
0.901099 0.0988191 2.78201
0.902098 0.0978214 2.78073
0.903097 0.0968236 2.77939
0.904096 0.0958259 2.77799
0.905095 0.0948281 2.77654
0.906094 0.0938303 2.77502
0.907093 0.0928325 2.77345
0.908092 0.0918347 2.77182
0.909091 0.0908369 2.77012
0.91009 0.0898391 2.76837
0.911089 0.0888413 2.76654
0.912088 0.0878434 2.76466
0.913087 0.0868455 2.7627
0.914086 0.0858477 2.76068
0.915085 0.0848498 2.75859
0.916084 0.0838519 2.75643
0.917083 0.082854 2.75419
0.918082 0.0818561 2.75188
0.919081 0.0808582 2.7495
0.92008 0.0798602 2.74704
0.921079 0.0788623 2.7445
0.922078 0.0778643 2.74188
0.923077 0.0768664 2.73917
0.924076 0.0758684 2.73638
0.925075 0.0748704 2.73351
0.926074 0.0738724 2.73055
0.927073 0.0728744 2.72749
0.928072 0.0718764 2.72435
0.929071 0.0708784 2.7211
0.93007 0.0698804 2.71776
0.931069 0.0688823 2.71433
0.932068 0.0678843 2.71078
0.933067 0.0668862 2.70713
0.934066 0.0658881 2.70338
0.935065 0.0648901 2.69951
0.936064 0.063892 2.69553
0.937063 0.0628939 2.69142
0.938062 0.0618958 2.6872
0.939061 0.0608977 2.68285
0.94006 0.0598996 2.67838
0.941059 0.0589014 2.67377
0.942058 0.0579033 2.66902
0.943057 0.0569052 2.66414
0.944056 0.055907 2.6591
0.945055 0.0549089 2.65392
0.946054 0.0539107 2.64858
0.947053 0.0529125 2.64308
0.948052 0.0519143 2.63741
0.949051 0.0509161 2.63157
0.95005 0.049918 2.62554
0.951049 0.0489197 2.61934
0.952048 0.0479215 2.61293
0.953047 0.0469233 2.60633
0.954046 0.0459251 2.59952
0.955045 0.0449269 2.59248
0.956044 0.0439286 2.58523
0.957043 0.0429304 2.57773
0.958042 0.0419321 2.56998
0.959041 0.0409339 2.56198
0.96004 0.0399356 2.5537
0.961039 0.0389373 2.54514
0.962038 0.037939 2.53628
0.963037 0.0369407 2.5271
0.964036 0.0359425 2.51759
0.965035 0.0349442 2.50774
0.966034 0.0339458 2.49751
0.967033 0.0329475 2.4869
0.968032 0.0319492 2.47586
0.969031 0.0309509 2.46439
0.97003 0.0299526 2.45246
0.971029 0.0289542 2.44002
0.972028 0.0279559 2.42705
0.973027 0.0269575 2.41351
0.974026 0.0259592 2.39936
0.975025 0.0249608 2.38455
0.976024 0.0239624 2.36903
0.977023 0.0229641 2.35273
0.978022 0.0219657 2.33559
0.979021 0.0209673 2.31753
0.98002 0.0199689 2.29846
0.981019 0.0189705 2.27829
0.982018 0.0179721 2.25689
0.983017 0.0169737 2.23411
0.984016 0.0159753 2.2098
0.985015 0.0149769 2.18376
0.986014 0.0139784 2.15575
0.987013 0.01298 2.12548
0.988012 0.0119816 2.09258
0.989011 0.0109831 2.05659
0.99001 0.0099847 2.01692
0.991009 0.00898626 1.9728
0.992008 0.0079878 1.92316
0.993007 0.00698934 1.8665
0.994006 0.00599088 1.80064
0.995005 0.00499241 1.72214
0.996004 0.00399394 1.62523
0.997003 0.00299546 1.49891
0.998002 0.00199698 1.31796
0.999001 0.000998492 0.997698
